3.445 125 DL_VALUE 20 0.
3.457 125 AUTOPILOT_VERSION 50401 v5.4.1_stable-4-ga603c8e-dirty
3.561 125 GPS_INT 0 0 0 0 0 0 0 0 0 0 0 0 0 0 0 0
3.606 125 ROTORCRAFT_FP 0 0 -112 0 0 -184626 -155 581 -12 0 0 512 -12 0 0
3.656 125 INS 0 0 118 0 0 191327 19 23 140
3.756 125 GPS_INT 0 0 0 0 0 0 0 0 0 0 0 0 0 0 0 0
3.860 125 ROTORCRAFT_FP 0 0 -63 0 0 -63997 -154 580 -12 0 0 512 -12 0 0
3.910 125 INS 0 0 71 0 0 80440 -57 23 119
4.010 125 GPS_INT 0 0 0 0 0 0 0 0 0 0 0 0 0 0 0 0
4.020 125 LINK_REPORT 125 0 4 0 2945 65 0 766. 16. 0 0.
4.047 125 ROTORCRAFT_STATUS 0 0 2 0 0 13 0 0 4 5 125 24
4.068 125 STATE_FILTER_STATUS 3 0
4.148 125 ROTORCRAFT_FP 0 0 -37 0 0 -11535 -154 580 -12 0 0 512 -12 0 0
4.170 125 INS 0 0 27 0 0 -5326 19 24 82
4.270 125 GPS_INT 0 0 0 0 0 0 0 0 0 0 0 0 0 0 0 0
4.441 125 ROTORCRAFT_FP 0 0 -49 0 0 -49548 -154 580 -12 0 0 512 -12 0 0
4.442 125 INS 0 0 60 0 0 70851 19 -53 100
4.457 125 WP_MOVED_ENU 5 317 143 768
4.478 125 ENERGY 12.5 0. 0 0.
4.568 125 DL_VALUE 21 62.
4.572 125 ROTORCRAFT_NAV_STATUS 23 0 0. 0. 0 2 0
4.625 125 ROTORCRAFT_FP 0 0 14 0 0 81614 -154 580 -12 0 0 512 -12 0 0
4.742 125 INS 0 0 -1 0 0 -48223 -56 25 77
4.782 125 GPS_INT 0 0 0 0 0 0 0 0 0 0 0 0 0 0 0 0
4.889 125 ROTORCRAFT_FP 0 0 -19 0 0 5225 -154 580 -12 0 0 512 -12 0 0
4.936 125 INS 0 0 30 0 0 18095 20 25 79
5.021 125 LINK_REPORT 125 0 5 0 3596 81 0 651. 16. 0 0.
5.036 125 GPS_INT 0 0 0 0 0 0 0 0 0 0 0 0 0 0 0 0
5.136 125 ROTORCRAFT_FP 0 0 29 0 0 88174 -153 580 -12 0 0 512 -12 0 0
5.186 125 INS 0 0 -53 0 0 -130307 -56 26 55
5.324 125 ROTORCRAFT_STATUS 0 0 2 0 0 13 0 0 4 5 125 26
5.326 125 GPS_INT 0 0 0 0 0 0 0 0 0 0 0 0 0 0 0 0
5.391 125 ROTORCRAFT_FP 0 0 25 0 0 47471 -153 580 -12 0 0 512 -12 0 0
5.443 125 INS 0 0 -8 0 0 -7312 32 29 145
5.521 125 PONG 
5.617 125 GPS_INT 0 0 0 0 0 0 0 0 0 0 0 0 0 0 0 0
5.644 125 ROTORCRAFT_FP 0 0 -29 0 0 -73762 -153 579 -12 0 0 512 -12 0 0
5.686 125 DL_VALUE 22 0.
5.695 125 INS 0 0 5 0 0 25527 22 26 72
5.774 125 WP_MOVED_ENU 6 -386 -284 768
5.795 125 GPS_INT 0 0 0 0 0 0 0 0 0 0 0 0 0 0 0 0
5.908 125 ROTORCRAFT_FP 0 0 -27 0 0 -69500 -153 580 -12 0 0 512 -12 0 0
5.951 125 INS 0 0 35 0 0 82840 21 26 82
6.021 125 LINK_REPORT 125 0 6 0 4327 97 0 731. 16. 0 2.19
6.051 125 GPS_INT 0 0 0 0 0 0 0 0 0 0 0 0 0 0 0 0
6.202 125 ROTORCRAFT_FP 0 0 -50 0 0 -104505 -153 580 -12 0 0 512 -12 0 0
6.219 125 ROTORCRAFT_NAV_STATUS 24 0 0. 0. 0 2 0
6.220 125 INS 0 0 37 0 0 77282 21 26 78
6.312 125 GPS_INT 0 0 0 0 0 0 0 0 0 0 0 0 0 0 0 0
6.416 125 ROTORCRAFT_FP 0 0 -44 0 0 -81620 -153 580 -12 0 0 512 -12 0 0
6.495 125 INS 0 0 82 0 0 151114 21 26 90
6.501 125 ROTORCRAFT_STATUS 0 0 2 0 0 13 0 0 4 5 125 27
6.567 125 GPS_INT 0 0 0 0 0 0 0 0 0 0 0 0 0 0 0 0
6.666 125 ROTORCRAFT_FP 0 0 -82 0 0 -129044 -153 580 -11 0 0 512 -11 0 0
6.786 125 INS 0 0 67 0 0 95057 -56 27 88
6.819 125 DL_VALUE 23 0.
6.827 125 GPS_INT 0 0 0 0 0 0 0 0 0 0 0 0 0 0 0 0
6.927 125 ROTORCRAFT_FP 0 0 -97 0 0 -142379 -153 580 -12 0 0 512 -12 0 0
6.930 125 DATALINK_REPORT 0 0 432 765 0
6.977 125 INS 0 0 57 0 0 63605 -56 27 80
7.022 125 LINK_REPORT 125 0 7 0 5069 113 0 742. 16. 0 2.19
7.080 125 INS_REF 392442185 30036861 500231304 519906340 43767888 192102 147000 102698.
7.081 125 ENERGY 12.5 0. 0 0.
7.083 125 GPS_INT 0 0 0 0 0 0 0 0 0 0 0 0 0 0 0 0
7.111 125 WP_MOVED_ENU 7 -773 399 768
7.182 125 ROTORCRAFT_FP 0 0 -71 0 0 -88358 -153 580 -12 0 0 512 -12 0 0
7.234 125 INS 0 0 61 0 0 68911 -57 -51 82
7.376 125 STATE_FILTER_STATUS 3 0
7.377 125 ALIVE 164,219,148,255,11,14,70,35,81,10,105,116,25,58,69,207
7.378 125 GPS_INT 0 0 0 0 0 0 0 0 0 0 0 0 0 0 0 0
7.436 125 ROTORCRAFT_FP 0 0 -36 0 0 -24445 -153 580 -12 0 0 512 -12 0 0
7.485 125 INS 0 0 44 0 0 38861 19 27 61
7.589 125 GPS_INT 0 0 0 0 0 0 0 0 0 0 0 0 0 0 0 0
7.689 125 ROTORCRAFT_FP 0 0 -61 0 0 -71135 -153 580 -11 0 0 512 -11 0 0
7.724 125 ROTORCRAFT_STATUS 0 0 2 0 0 13 0 0 4 5 125 28
7.739 125 INS 0 0 59 0 0 67741 19 28 64
7.835 125 ROTORCRAFT_NAV_STATUS 26 0 0. 0. 0 2 0
7.839 125 GPS_INT 0 0 0 0 0 0 0 0 0 0 0 0 0 0 0 0
7.963 125 DL_VALUE 24 149.
7.964 125 ROTORCRAFT_FP 0 0 -22 0 0 -6219 -152 581 -11 0 0 512 -11 0 0
7.995 125 INS 0 0 15 0 0 -5516 -57 -49 64
8.022 125 LINK_REPORT 125 0 8 0 5905 133 0 836. 20. 0 2.19
8.095 125 GPS_INT 0 0 0 0 0 0 0 0 0 0 0 0 0 0 0 0
8.256 125 ROTORCRAFT_FP 0 0 -21 0 0 -17504 -152 581 -11 0 0 512 -11 0 0
8.257 125 INS 0 0 21 0 0 18692 18 -49 55
8.349 125 GPS_INT 0 0 0 0 0 0 0 0 0 0 0 0 0 0 0 0
8.428 125 WP_MOVED_ENU 8 -87 826 768
8.448 125 ROTORCRAFT_FP 0 0 -64 0 0 -96355 -152 581 -11 0 0 512 -11 0 0
8.549 125 INS 0 0 16 0 0 8481 17 29 48
8.606 125 GPS_INT 0 0 0 0 0 0 0 0 0 0 0 0 0 0 0 0
8.706 125 ROTORCRAFT_FP 0 0 18 0 0 45989 -152 581 -11 0 0 512 -11 0 0
8.762 125 INS 0 0 -23 0 0 -49493 -49 -46 128
8.948 125 ROTORCRAFT_STATUS 0 0 2 0 0 13 0 0 4 5 125 29
8.960 125 ROTORCRAFT_FP 0 0 -22 0 0 -39466 -152 582 -11 0 0 512 -11 0 0
9.011 125 INS 0 0 35 0 0 63618 -60 -49 66
9.023 125 LINK_REPORT 125 0 9 0 6557 146 0 652. 13. 0 2.19
9.056 125 DL_VALUE 25 -11.
9.135 125 GPS_INT 0 0 0 0 0 0 0 0 0 0 0 0 0 0 0 0
9.215 125 ROTORCRAFT_FP 0 0 -84 0 0 -140993 -152 582 -11 0 0 512 -11 0 0
9.265 125 INS 0 0 78 0 0 129180 16 30 60
9.431 125 GPS_INT 0 0 0 0 0 0 0 0 0 0 0 0 0 0 0 0
9.469 125 ROTORCRAFT_NAV_STATUS 28 0 0. 0. 0 2 0
9.471 125 ALIVE 164,219,148,255,11,14,70,35,81,10,105,116,25,58,69,207
9.473 125 ROTORCRAFT_FP 0 0 -63 0 0 -99541 -151 582 -11 0 0 512 -11 0 0
9.576 125 ENERGY 12.5 0. 0 0.
9.624 125 GPS_INT 0 0 0 0 0 0 0 0 0 0 0 0 0 0 0 0
9.727 125 ROTORCRAFT_FP 0 0 -109 0 0 -168203 -151 582 -11 0 0 512 -11 0 0
9.753 125 WP_MOVED_ENU 9 824 28 768
9.778 125 INS 0 0 114 0 0 173110 26 -44 142
9.878 125 GPS_INT 0 0 0 0 0 0 0 0 0 0 0 0 0 0 0 0
10.020 125 ROTORCRAFT_FP 0 0 -54 0 0 -63518 -151 582 -11 0 0 512 -11 0 0
10.023 125 LINK_REPORT 125 0 10 0 7239 161 0 682. 15. 0 2.19
10.035 125 INS 0 0 87 0 0 121357 26 35 131
10.136 125 GPS_INT 0 0 0 0 0 0 0 0 0 0 0 0 0 0 0 0
10.169 125 ROTORCRAFT_STATUS 0 0 2 0 0 13 0 0 4 5 125 30
10.175 125 DL_VALUE 26 5.
10.310 125 ROTORCRAFT_FP 0 0 -68 0 0 -85626 -151 582 -11 0 0 512 -11 0 0
10.310 125 INS 0 0 81 0 0 106830 15 33 49
10.391 125 GPS_INT 0 0 0 0 0 0 0 0 0 0 0 0 0 0 0 0
10.491 125 ROTORCRAFT_FP 0 0 -45 0 0 -38243 -151 582 -11 0 0 512 -11 0 0
10.523 125 PONG 
10.607 125 STATE_FILTER_STATUS 3 0
10.643 125 GPS_INT 0 0 0 0 0 0 0 0 0 0 0 0 0 0 0 0
10.742 125 ROTORCRAFT_FP 0 0 -39 0 0 -26327 -150 582 -11 0 0 512 -11 0 0
10.793 125 INS 0 0 25 0 0 3570 16 -44 36
10.897 125 GPS_INT 0 0 0 0 0 0 0 0 0 0 0 0 0 0 0 0
10.995 125 ROTORCRAFT_FP 0 0 -90 0 0 -105508 -150 582 -11 0 0 512 -11 0 0
11.023 125 LINK_REPORT 125 0 11 0 7918 176 0 679. 15. 0 3.76
11.045 125 INS 0 0 69 0 0 65533 -61 35 51
11.070 125 WP_MOVED_ENU 10 -509 -796 768
11.091 125 ROTORCRAFT_NAV_STATUS 29 0 0. 0. 0 2 0
11.188 125 GPS_INT 0 0 0 0 0 0 0 0 0 0 0 0 0 0 0 0
11.252 125 ROTORCRAFT_FP 0 0 -35 0 0 -9174 -150 582 -11 0 0 512 -11 0 0
11.293 125 DL_VALUE 27 400.
11.303 125 INS 0 0 18 0 0 -16129 -60 -43 43
11.385 125 ROTORCRAFT_STATUS 0 0 2 0 0 13 0 0 4 5 125 32
11.482 125 GPS_INT 0 0 0 0 0 0 0 0 0 0 0 0 0 0 0 0
11.515 125 ROTORCRAFT_FP 0 0 -61 0 0 -62992 -150 581 -11 0 0 512 -11 0 0
11.565 125 INS 0 0 58 0 0 56769 17 35 38
11.612 125 ALIVE 164,219,148,255,11,14,70,35,81,10,105,116,25,58,69,207
11.665 125 GPS_INT 0 0 0 0 0 0 0 0 0 0 0 0 0 0 0 0
11.777 125 ROTORCRAFT_FP 0 0 -98 0 0 -122404 -150 581 -11 0 0 512 -11 0 0
11.821 125 INS 0 0 85 0 0 98308 28 -40 122
11.921 125 GPS_INT 0 0 0 0 0 0 0 0 0 0 0 0 0 0 0 0
12.023 125 LINK_REPORT 125 0 12 0 8623 192 0 705. 16. 0 3.76
12.070 125 ROTORCRAFT_FP 0 0 -72 0 0 -66033 -149 581 -10 0 0 512 -10 0 0
12.075 125 INS 0 0 88 0 0 90794 17 35 40
12.127 125 DATALINK_REPORT 0 0 518 756 0
12.129 125 ENERGY 12.5 0. 0 0.
12.175 125 GPS_INT 0 0 0 0 0 0 0 0 0 0 0 0 0 0 0 0
12.227 125 INS_REF 392442185 30036861 500231304 519906340 43767888 192102 147000 102698.
12.278 125 ROTORCRAFT_FP 0 0 -30 0 0 -2390 -149 581 -11 0 0 512 -11 0 0
12.364 125 INS 0 0 30 0 0 2198 17 -42 31
12.402 125 WP_MOVED_ENU 11 -1351 512 768
12.418 125 DL_VALUE 28 400.
12.428 125 GPS_INT 0 0 0 0 0 0 0 0 0 0 0 0 0 0 0 0
12.528 125 ROTORCRAFT_FP 0 0 -21 0 0 8631 -149 581 -11 0 0 512 -11 0 0
12.658 125 INS 0 0 28 0 0 2839 -59 35 39
12.659 125 ROTORCRAFT_STATUS 0 0 2 0 0 13 0 0 4 5 125 33
12.686 125 GPS_INT 0 0 0 0 0 0 0 0 0 0 0 0 0 0 0 0
12.731 125 ROTORCRAFT_NAV_STATUS 31 0 0. 0. 0 2 0
12.786 125 ROTORCRAFT_FP 0 0 -51 0 0 -36560 -149 581 -10 0 0 512 -10 0 0
12.836 125 INS 0 0 19 0 0 -14792 29 -40 105
12.952 125 GPS_INT 0 0 0 0 0 0 0 0 0 0 0 0 0 0 0 0
13.024 125 LINK_REPORT 125 0 13 0 9442 211 0 819. 19. 0 3.76
13.039 125 ROTORCRAFT_FP 0 0 -79 0 0 -85922 -149 581 -10 0 0 512 -10 0 0
13.090 125 INS 0 0 44 0 0 27191 -59 36 40
13.244 125 GPS_INT 0 0 0 0 0 0 0 0 0 0 0 0 0 0 0 0
13.292 125 ROTORCRAFT_FP 0 0 -4 0 0 33436 -149 581 -10 0 0 512 -10 0 0
13.344 125 INS 0 0 36 0 0 19998 17 36 27
13.448 125 GPS_INT 0 0 0 0 0 0 0 0 0 0 0 0 0 0 0 0
13.538 125 DL_VALUE 29 350.
13.549 125 ROTORCRAFT_FP 0 0 -38 0 0 -26911 -149 581 -10 0 0 512 -10 0 0
13.597 125 INS 0 0 17 0 0 -6438 28 38 100
13.697 125 GPS_INT 0 0 0 0 0 0 0 0 0 0 0 0 0 0 0 0
13.721 125 WP_MOVED_ENU 12 35 1338 768
13.748 125 ALIVE 164,219,148,255,11,14,70,35,81,10,105,116,25,58,69,207
13.829 125 ROTORCRAFT_FP 0 0 -63 0 0 -66811 -149 581 -10 0 0 512 -10 0 0
13.832 125 ROTORCRAFT_STATUS 0 0 2 0 0 13 0 0 4 5 125 34
13.847 125 STATE_FILTER_STATUS 3 0
13.851 125 INS 0 0 98 0 0 121091 17 -42 40
13.955 125 GPS_INT 0 0 0 0 0 0 0 0 0 0 0 0 0 0 0 0
14.025 125 LINK_REPORT 125 0 14 0 10199 228 0 757. 17. 0 3.76
14.058 125 WIND_INFO 125 42 0. 0. 0.
14.125 125 ROTORCRAFT_FP 0 0 -43 0 0 -27496 -149 581 -10 0 0 512 -10 0 0
14.126 125 INS 0 0 76 0 0 77989 18 35 31
14.204 125 GPS_INT 0 0 0 0 0 0 0 0 0 0 0 0 0 0 0 0
14.304 125 ROTORCRAFT_FP 0 0 -42 0 0 -24972 -149 581 -10 0 0 512 -10 0 0
14.417 125 ROTORCRAFT_NAV_STATUS 32 0 0. 0. 0 2 0
14.418 125 INS 0 0 65 0 0 60870 18 35 28
14.461 125 GPS_INT 0 0 0 0 0 0 0 0 0 0 0 0 0 0 0 0
14.560 125 ROTORCRAFT_FP 0 0 -69 0 0 -59680 -149 582 -10 0 0 512 -10 0 0
