3.939 125 LINK_REPORT 125 0 4 0 2977 66 0 727. 16. 0 0.
3.962 125 GPS_INT 0 0 0 0 0 0 0 0 0 0 0 0 0 0 0 0
4.117 125 ROTORCRAFT_FP 0 0 -224 0 0 -128637 -157 581 -22 0 0 512 -22 0 0
4.121 125 INS 0 0 242 0 0 148010 19 17 4
4.149 125 DL_VALUE 45 353.
4.216 125 GPS_INT 0 0 0 0 0 0 0 0 0 0 0 0 0 0 0 0
4.318 125 ROTORCRAFT_FP 0 0 -167 0 0 -39636 -157 581 -23 0 0 512 -23 0 0
4.411 125 INS 0 0 188 0 0 66655 19 17 0
4.468 125 GPS_INT 0 0 0 0 0 0 0 0 0 0 0 0 0 0 0 0
4.568 125 ROTORCRAFT_FP 0 0 -142 0 0 -9230 -157 581 -23 0 0 512 -23 0 0
4.622 125 INS 0 0 145 0 0 11644 19 17 -2
4.723 125 GPS_INT 0 0 0 0 0 0 0 0 0 0 0 0 0 0 0 0
4.822 125 ROTORCRAFT_FP 0 0 -199 0 0 -78646 -157 581 -23 0 0 512 -23 0 0
4.841 125 ROTORCRAFT_STATUS 0 0 2 0 0 13 0 0 4 5 125 52
4.872 125 INS 0 0 174 0 0 47868 30 20 77
4.886 125 LINK_REPORT 125 0 5 0 3683 80 0 706. 14. 0 0.
4.996 125 WP_MOVED_ENU 0 10956 10549 768
4.997 125 ROTORCRAFT_NAV_STATUS 50 0 0. 0. 0 2 0
4.998 125 GPS_INT 0 0 0 0 0 0 0 0 0 0 0 0 0 0 0 0
5.080 125 ROTORCRAFT_FP 0 0 -190 0 0 -67279 -157 581 -23 0 0 512 -23 0 0
5.130 125 INS 0 0 185 0 0 58805 29 20 76
5.185 125 ENERGY 12.5 0. 0 0.
5.291 125 GPS_INT 0 0 0 0 0 0 0 0 0 0 0 0 0 0 0 0
5.291 125 DL_VALUE 46 10.
5.332 125 ROTORCRAFT_FP 0 0 -203 0 0 -77127 -157 582 -23 0 0 512 -23 0 0
5.384 125 INS 0 0 168 0 0 32566 17 17 -2
5.386 125 PONG 
5.484 125 GPS_INT 0 0 0 0 0 0 0 0 0 0 0 0 0 0 0 0
5.590 125 ROTORCRAFT_FP 0 0 -131 0 0 13764 -157 582 -23 0 0 512 -23 0 0
5.591 125 DATALINK_REPORT 0 0 863 757 0
5.640 125 INS 0 0 135 0 0 -8157 17 17 -4
5.683 125 ALIVE 164,219,148,255,11,14,70,35,81,10,105,116,25,58,69,207
5.690 125 INS_REF 392442185 30036861 500231304 519906340 43767888 192102 147000 102698.
5.739 125 GPS_INT 0 0 0 0 0 0 0 0 0 0 0 0 0 0 0 0
5.876 125 ROTORCRAFT_FP 0 0 -122 0 0 19579 -157 582 -23 0 0 512 -23 0 0
5.887 125 LINK_REPORT 125 0 6 0 4466 99 0 783. 19. 0 2.33
5.892 125 INS 0 0 143 0 0 7425 -60 17 6
5.993 125 GPS_INT 0 0 0 0 0 0 0 0 0 0 0 0 0 0 0 0
6.062 125 ROTORCRAFT_STATUS 0 0 2 0 0 13 0 0 4 5 125 53
6.087 125 STATE_FILTER_STATUS 3 0
6.171 125 ROTORCRAFT_FP 0 0 -118 0 0 23382 -158 582 -24 0 0 512 -24 0 0
6.172 125 INS 0 0 157 0 0 26256 -60 16 7
6.246 125 GPS_INT 0 0 0 0 0 0 0 0 0 0 0 0 0 0 0 0
6.252 125 WP_MOVED_ENU 1 0 0 768
6.346 125 ROTORCRAFT_FP 0 0 -133 0 0 571 -158 582 -24 0 0 512 -24 0 0
6.463 125 DL_VALUE 47 52.
6.464 125 INS 0 0 162 0 0 34912 15 15 -3
6.505 125 GPS_INT 0 0 0 0 0 0 0 0 0 0 0 0 0 0 0 0
6.593 125 ROTORCRAFT_NAV_STATUS 52 0 0. 0. 0 2 0
6.603 125 ROTORCRAFT_FP 0 0 -151 0 0 -20095 -158 582 -24 0 0 512 -24 0 0
6.654 125 INS 0 0 201 0 0 80602 -61 15 9
6.757 125 GPS_INT 0 0 0 0 0 0 0 0 0 0 0 0 0 0 0 0
6.857 125 ROTORCRAFT_FP 0 0 -124 0 0 16435 -158 582 -24 0 0 512 -24 0 0
6.888 125 LINK_REPORT 125 0 7 0 5221 116 0 755. 17. 0 2.33
6.908 125 INS 0 0 167 0 0 37766 15 15 -3
7.051 125 GPS_INT 0 0 0 0 0 0 0 0 0 0 0 0 0 0 0 0
7.109 125 ROTORCRAFT_FP 0 0 -176 0 0 -49240 -158 582 -24 0 0 512 -24 0 0
7.159 125 INS 0 0 106 0 0 -36066 -51 -60 83
7.263 125 GPS_INT 0 0 0 0 0 0 0 0 0 0 0 0 0 0 0 0
7.344 125 ROTORCRAFT_STATUS 0 0 2 0 0 13 0 0 4 5 125 54
7.363 125 ROTORCRAFT_FP 0 0 -65 0 0 76654 -158 582 -24 0 0 512 -24 0 0
7.413 125 INS 0 0 62 0 0 -78052 -61 16 0
7.495 125 DL_VALUE 48 0.
7.513 125 GPS_INT 0 0 0 0 0 0 0 0 0 0 0 0 0 0 0 0
7.637 125 WP_MOVED_ENU 2 23 1280 768
7.638 125 ROTORCRAFT_FP 0 0 -113 0 0 6037 -158 582 -24 0 0 512 -24 0 0
7.667 125 INS 0 0 148 0 0 38525 -49 19 83
7.719 125 ENERGY 12.5 0. 0 0.
7.767 125 GPS_INT 0 0 0 0 0 0 0 0 0 0 0 0 0 0 0 0
7.809 125 ALIVE 164,219,148,255,11,14,70,35,81,10,105,116,25,58,69,207
7.888 125 LINK_REPORT 125 0 8 0 5925 132 0 704. 16. 0 2.33
7.929 125 ROTORCRAFT_FP 0 0 -175 0 0 -70959 -158 582 -24 0 0 512 -24 0 0
7.930 125 INS 0 0 151 0 0 41495 27 19 72
8.020 125 GPS_INT 0 0 0 0 0 0 0 0 0 0 0 0 0 0 0 0
8.120 125 ROTORCRAFT_FP 0 0 -107 0 0 9812 -158 582 -24 0 0 512 -24 0 0
8.228 125 INS 0 0 121 0 0 8212 15 16 -6
8.229 125 ROTORCRAFT_NAV_STATUS 53 0 0. 0. 0 2 0
8.275 125 GPS_INT 0 0 0 0 0 0 0 0 0 0 0 0 0 0 0 0
8.374 125 ROTORCRAFT_FP 0 0 -183 0 0 -84679 -157 582 -24 0 0 512 -24 0 0
8.433 125 INS 0 0 229 0 0 138256 15 16 0
8.518 125 ROTORCRAFT_STATUS 0 0 2 0 0 13 0 0 4 5 125 56
8.533 125 GPS_INT 0 0 0 0 0 0 0 0 0 0 0 0 0 0 0 0
8.614 125 DL_VALUE 49 1.
8.634 125 ROTORCRAFT_FP 0 0 -198 0 0 -88576 -157 583 -24 0 0 512 -24 0 0
8.687 125 INS 0 0 181 0 0 64710 15 16 -3
8.812 125 GPS_INT 0 0 0 0 0 0 0 0 0 0 0 0 0 0 0 0
8.886 125 ROTORCRAFT_FP 0 0 -139 0 0 -14755 -157 582 -24 0 0 512 -24 0 0
8.889 125 LINK_REPORT 125 0 9 0 6716 148 0 791. 16. 0 2.33
8.889 125 WP_MOVED_ENU 3 -535 -1269 768
8.937 125 INS 0 0 154 0 0 33314 25 19 71
9.104 125 GPS_INT 0 0 0 0 0 0 0 0 0 0 0 0 0 0 0 0
9.143 125 ROTORCRAFT_FP 0 0 -151 0 0 -31118 -157 583 -25 0 0 512 -25 0 0
9.193 125 INS 0 0 177 0 0 61987 14 16 -4
9.293 125 GPS_INT 0 0 0 0 0 0 0 0 0 0 0 0 0 0 0 0
9.398 125 STATE_FILTER_STATUS 3 0
9.399 125 ROTORCRAFT_FP 0 0 -160 0 0 -35486 -157 583 -25 0 0 512 -25 0 0
9.451 125 INS 0 0 132 0 0 2530 13 16 -7
9.548 125 GPS_INT 0 0 0 0 0 0 0 0 0 0 0 0 0 0 0 0
9.694 125 ROTORCRAFT_FP 0 0 -225 0 0 -112043 -157 583 -25 0 0 512 -25 0 0
9.702 125 INS 0 0 218 0 0 101036 23 19 74
9.717 125 ROTORCRAFT_STATUS 0 0 2 0 0 13 0 0 4 5 125 57
9.733 125 DL_VALUE 0 0.
9.802 125 GPS_INT 0 0 0 0 0 0 0 0 0 0 0 0 0 0 0 0
9.840 125 ROTORCRAFT_NAV_STATUS 55 0 0. 0. 0 2 0
9.889 125 LINK_REPORT 125 0 10 0 7407 164 0 691. 16. 0 2.33
9.906 125 ROTORCRAFT_FP 0 0 -109 0 0 29180 -158 583 -25 0 0 512 -25 0 0
9.986 125 ALIVE 164,219,148,255,11,14,70,35,81,10,105,116,25,58,69,207
9.987 125 INS 0 0 164 0 0 38514 23 -58 73
10.057 125 GPS_INT 0 0 0 0 0 0 0 0 0 0 0 0 0 0 0 0
10.060 125 AUTOPILOT_VERSION 50401 v5.4.1_stable-4-ga603c8e-dirty
10.156 125 ROTORCRAFT_FP 0 0 -63 0 0 74783 -157 583 -26 0 0 512 -26 0 0
10.276 125 INS 0 0 94 0 0 -34737 -52 20 77
10.277 125 WP_MOVED_ENU 4 1379 -2818 768
10.278 125 ENERGY 12.5 0. 0 0.
10.387 125 PONG 
10.410 125 ROTORCRAFT_FP 0 0 -131 0 0 -11258 -158 583 -26 0 0 512 -26 0 0
10.460 125 INS 0 0 86 0 0 -42306 24 19 66
10.571 125 GPS_INT 0 0 0 0 0 0 0 0 0 0 0 0 0 0 0 0
10.671 125 ROTORCRAFT_FP 0 0 -103 0 0 10934 -158 583 -26 0 0 512 -26 0 0
10.721 125 INS 0 0 85 0 0 -31776 -52 19 77
10.775 125 DATALINK_REPORT 0 0 950 765 0
10.865 125 GPS_INT 0 0 0 0 0 0 0 0 0 0 0 0 0 0 0 0
10.866 125 DL_VALUE 1 13.
10.875 125 INS_REF 392442185 30036861 500231304 519906340 43767888 192102 147000 102698.
10.889 125 LINK_REPORT 125 0 11 0 8190 183 0 783. 19. 0 2.02
10.924 125 ROTORCRAFT_FP 0 0 -151 0 0 -52663 -158 583 -26 0 0 512 -26 0 0
10.939 125 ROTORCRAFT_STATUS 0 0 2 0 0 13 0 0 4 5 125 58
10.975 125 INS 0 0 149 0 0 49047 -62 17 4
11.157 125 GPS_INT 0 0 0 0 0 0 0 0 0 0 0 0 0 0 0 0
11.183 125 ROTORCRAFT_FP 0 0 -95 0 0 13437 -158 583 -26 0 0 512 -26 0 0
11.233 125 INS 0 0 68 0 0 -42998 -52 19 76
11.333 125 GPS_INT 0 0 0 0 0 0 0 0 0 0 0 0 0 0 0 0
11.455 125 ROTORCRAFT_FP 0 0 -52 0 0 55400 -157 583 -27 0 0 512 -27 0 0
11.475 125 ROTORCRAFT_NAV_STATUS 56 0 0. 0. 0 2 0
11.487 125 INS 0 0 74 0 0 -27087 25 19 66
11.538 125 WP_MOVED_ENU 5 317 143 768
11.587 125 GPS_INT 0 0 0 0 0 0 0 0 0 0 0 0 0 0 0 0
11.746 125 ROTORCRAFT_FP 0 0 -51 0 0 47719 -157 583 -27 0 0 512 -27 0 0
11.747 125 INS 0 0 95 0 0 5474 24 19 67
11.840 125 GPS_INT 0 0 0 0 0 0 0 0 0 0 0 0 0 0 0 0
11.890 125 LINK_REPORT 125 0 12 0 8925 198 0 735. 15. 0 2.02
11.939 125 ROTORCRAFT_FP 0 0 -50 0 0 39863 -157 583 -27 0 0 512 -27 0 0
12.038 125 DL_VALUE 2 1.
12.039 125 INS 0 0 35 0 0 -55171 -52 20 75
12.085 125 ALIVE 164,219,148,255,11,14,70,35,81,10,105,116,25,58,69,207
12.093 125 GPS_INT 0 0 0 0 0 0 0 0 0 0 0 0 0 0 0 0
12.157 125 ROTORCRAFT_STATUS 0 0 2 0 0 13 0 0 4 5 125 59
12.193 125 ROTORCRAFT_FP 0 0 -64 0 0 19866 -157 583 -27 0 0 512 -27 0 0
12.248 125 INS 0 0 18 0 0 -73087 24 19 63
12.348 125 GPS_INT 0 0 0 0 0 0 0 0 0 0 0 0 0 0 0 0
12.448 125 ROTORCRAFT_FP 0 0 -23 0 0 56310 -157 583 -27 0 0 512 -27 0 0
12.498 125 INS 0 0 58 0 0 -10959 23 19 66
12.623 125 STATE_FILTER_STATUS 3 0
12.625 125 GPS_INT 0 0 0 0 0 0 0 0 0 0 0 0 0 0 0 0
12.702 125 ROTORCRAFT_FP 0 0 -61 0 0 3525 -157 583 -27 0 0 512 -27 0 0
12.752 125 INS 0 0 69 0 0 7644 -52 20 77
12.805 125 ENERGY 12.5 0. 0 0.
12.891 125 LINK_REPORT 125 0 13 0 9621 214 0 696. 16. 0 2.02
12.918 125 WP_MOVED_ENU 6 -386 -284 768
12.919 125 GPS_INT 0 0 0 0 0 0 0 0 0 0 0 0 0 0 0 0
12.958 125 ROTORCRAFT_FP 0 0 -69 0 0 -10868 -157 583 -27 0 0 512 -27 0 0
13.008 125 INS 0 0 75 0 0 18410 12 16 -10
13.088 125 DL_VALUE 3 0.
13.096 125 ROTORCRAFT_NAV_STATUS 58 0 0. 0. 0 2 0
13.108 125 GPS_INT 0 0 0 0 0 0 0 0 0 0 0 0 0 0 0 0
13.219 125 ROTORCRAFT_FP 0 0 -67 0 0 -16150 -157 584 -28 0 0 512 -28 0 0
13.270 125 INS 0 0 48 0 0 -5282 -54 20 75
13.370 125 GPS_INT 0 0 0 0 0 0 0 0 0 0 0 0 0 0 0 0
13.383 125 ROTORCRAFT_STATUS 0 0 2 0 0 13 0 0 4 5 125 60
13.506 125 ROTORCRAFT_FP 0 0 -17 0 0 31892 -157 584 -28 0 0 512 -28 0 0
13.524 125 INS 0 0 80 0 0 43491 22 21 67
13.624 125 GPS_INT 0 0 0 0 0 0 0 0 0 0 0 0 0 0 0 0
13.799 125 ROTORCRAFT_FP 0 0 -91 0 0 -55447 -156 584 -28 0 0 512 -28 0 0
13.800 125 INS 0 0 105 0 0 70118 22 21 68
13.883 125 GPS_INT 0 0 0 0 0 0 0 0 0 0 0 0 0 0 0 0
13.892 125 LINK_REPORT 125 0 14 0 10429 231 0 808. 17. 0 2.02
13.982 125 ROTORCRAFT_FP 0 0 -46 0 0 -4620 -156 584 -28 0 0 512 -28 0 0
14.092 125 INS 0 0 47 0 0 6447 11 18 -13
14.136 125 GPS_INT 0 0 0 0 0 0 0 0 0 0 0 0 0 0 0 0
14.184 125 WP_MOVED_ENU 7 -773 399 768
14.216 125 DL_VALUE 4 13.
14.228 125 ALIVE 164,219,148,255,11,14,70,35,81,10,105,116,25,58,69,207
14.236 125 ROTORCRAFT_FP 0 0 27 0 0 73389 -156 584 -28 0 0 512 -28 0 0
14.287 125 INS 0 0 -59 0 0 -106736 12 18 -17
14.390 125 GPS_INT 0 0 0 0 0 0 0 0 0 0 0 0 0 0 0 0
14.432 125 WIND_INFO 125 42 0. 0. 0.
14.487 125 ROTORCRAFT_FP 0 0 -38 0 0 -18801 -156 584 -28 0 0 512 -28 0 0
14.538 125 INS 0 0 32 0 0 13338 -54 21 75
14.677 125 ROTORCRAFT_STATUS 0 0 2 0 0 13 0 0 4 5 125 62
14.678 125 GPS_INT 0 0 0 0 0 0 0 0 0 0 0 0 0 0 0 0
14.729 125 ROTORCRAFT_NAV_STATUS 60 0 0. 0. 0 2 0
14.741 125 ROTORCRAFT_FP 0 0 -84 0 0 -70342 -157 584 -28 0 0 512 -28 0 0
14.792 125 INS 0 0 98 0 0 84715 10 18 -8
14.893 125 LINK_REPORT 125 0 15 0 11136 247 0 707. 16. 0 2.02
14.973 125 GPS_INT 0 0 0 0 0 0 0 0 0 0 0 0 0 0 0 0
14.996 125 ROTORCRAFT_FP 0 0 -132 0 0 -115005 -157 584 -29 0 0 512 -29 0 0
15.047 125 INS 0 0 164 0 0 148144 10 16 -6
15.147 125 GPS_INT 0 0 0 0 0 0 0 0 0 0 0 0 0 0 0 0
15.266 125 ROTORCRAFT_FP 0 0 -97 0 0 -61828 -158 585 -29 0 0 512 -29 0 0
15.304 125 INS 0 0 66 0 0 24132 9 16 -11
15.329 125 DL_VALUE 5 283.
15.355 125 ENERGY 12.5 0. 0 0.
15.387 125 PONG 
15.400 125 GPS_INT 0 0 0 0 0 0 0 0 0 0 0 0 0 0 0 0
15.560 125 WP_MOVED_ENU 8 -87 826 768
15.561 125 ROTORCRAFT_FP 0 0 -18 0 0 30971 -158 585 -29 0 0 512 -29 0 0
15.562 125 INS 0 0 55 0 0 11996 9 16 -12
15.654 125 GPS_INT 0 0 0 0 0 0 0 0 0 0 0 0 0 0 0 0
15.754 125 ROTORCRAFT_FP 0 0 -32 0 0 15216 -158 585 -29 0 0 512 -29 0 0
15.853 125 INS 0 0 24 0 0 -21984 19 19 62
15.854 125 ROTORCRAFT_STATUS 0 0 2 0 0 13 0 0 4 5 125 63
15.854 125 STATE_FILTER_STATUS 3 0
15.893 125 LINK_REPORT 125 0 16 0 11896 265 0 760. 18. 0 1.91
15.908 125 GPS_INT 0 0 0 0 0 0 0 0 0 0 0 0 0 0 0 0
15.958 125 DATALINK_REPORT 0 0 1037 763 0
16.007 125 ROTORCRAFT_FP 0 0 -69 0 0 -32596 -158 585 -29 0 0 512 -29 0 0
16.062 125 INS_REF 392442185 30036861 500231304 519906340 43767888 192102 147000 102698.
16.063 125 INS 0 0 82 0 0 46409 8 16 -11
16.162 125 GPS_INT 0 0 0 0 0 0 0 0 0 0 0 0 0 0 0 0
16.261 125 ROTORCRAFT_FP 0 0 -77 0 0 -35759 -158 585 -29 0 0 512 -29 0 0
16.312 125 INS 0 0 48 0 0 2879 18 -60 66
16.356 125 ROTORCRAFT_NAV_STATUS 61 0 0. 0. 0 2 0
16.360 125 ALIVE 164,219,148,255,11,14,70,35,81,10,105,116,25,58,69,207
16.441 125 GPS_INT 0 0 0 0 0 0 0 0 0 0 0 0 0 0 0 0
16.448 125 DL_VALUE 6 82.
16.519 125 ROTORCRAFT_FP 0 0 -105 0 0 -64254 -158 585 -29 0 0 512 -29 0 0
16.569 125 INS 0 0 95 0 0 51047 7 15 -11
16.731 125 GPS_INT 0 0 0 0 0 0 0 0 0 0 0 0 0 0 0 0
16.775 125 ROTORCRAFT_FP 0 0 -110 0 0 -64618 -158 586 -29 0 0 512 -29 0 0
16.821 125 WP_MOVED_ENU 9 824 28 768
16.825 125 INS 0 0 122 0 0 75573 6 16 -10
16.893 125 LINK_REPORT 125 0 17 0 12695 283 0 799. 18. 0 1.91
16.925 125 GPS_INT 0 0 0 0 0 0 0 0 0 0 0 0 0 0 0 0
17.031 125 ROTORCRAFT_FP 0 0 -120 0 0 -68527 -158 586 -29 0 0 512 -29 0 0
17.042 125 ROTORCRAFT_STATUS 0 0 2 0 0 13 0 0 4 5 125 64
17.082 125 INS 0 0 81 0 0 22928 5 16 -12
17.182 125 GPS_INT 0 0 0 0 0 0 0 0 0 0 0 0 0 0 0 0
17.320 125 ROTORCRAFT_FP 0 0 -60 0 0 1794 -158 587 -29 0 0 512 -29 0 0
17.335 125 INS 0 0 77 0 0 17995 16 -59 66
17.435 125 GPS_INT 0 0 0 0 0 0 0 0 0 0 0 0 0 0 0 0
17.614 125 ROTORCRAFT_FP 0 0 -116 0 0 -63675 -158 587 -29 0 0 512 -29 0 0
17.614 125 DL_VALUE 7 13.
17.616 125 INS 0 0 99 0 0 42561 4 15 -13
17.688 125 GPS_INT 0 0 0 0 0 0 0 0 0 0 0 0 0 0 0 0
17.788 125 ROTORCRAFT_FP 0 0 -73 0 0 -17286 -158 587 -30 0 0 512 -30 0 0
17.894 125 LINK_REPORT 125 0 18 0 13359 296 0 664. 13. 0 1.91
17.907 125 INS 0 0 99 0 0 45761 15 18 63
17.908 125 ENERGY 12.5 0. 0 0.
17.943 125 GPS_INT 0 0 0 0 0 0 0 0 0 0 0 0 0 0 0 0
17.979 125 ROTORCRAFT_NAV_STATUS 63 0 0. 0. 0 2 0
18.042 125 ROTORCRAFT_FP 0 0 -40 0 0 21650 -158 587 -30 0 0 512 -30 0 0
18.093 125 INS 0 0 50 0 0 -8887 15 18 62
18.200 125 WP_MOVED_ENU 10 -509 -796 768
18.202 125 GPS_INT 0 0 0 0 0 0 0 0 0 0 0 0 0 0 0 0
18.257 125 ROTORCRAFT_STATUS 0 0 2 0 0 13 0 0 4 5 125 65
18.296 125 ROTORCRAFT_FP 0 0 -122 0 0 -75882 -158 587 -30 0 0 512 -30 0 0
18.348 125 INS 0 0 78 0 0 24666 16 18 63
18.493 125 GPS_INT 0 0 0 0 0 0 0 0 0 0 0 0 0 0 0 0
18.494 125 ALIVE 164,219,148,255,11,14,70,35,81,10,105,116,25,58,69,207
18.553 125 ROTORCRAFT_FP 0 0 -88 0 0 -33375 -158 587 -31 0 0 512 -31 0 0
18.599 125 INS 0 0 59 0 0 256 5 15 -14
18.677 125 DL_VALUE 8 0.655
18.706 125 GPS_INT 0 0 0 0 0 0 0 0 0 0 0 0 0 0 0 0
18.806 125 ROTORCRAFT_FP 0 0 -20 0 0 35701 -158 587 -31 0 0 512 -31 0 0
18.856 125 INS 0 0 3 0 0 -53667 5 15 -17
18.895 125 LINK_REPORT 125 0 19 0 14190 315 0 831. 19. 0 1.91
18.960 125 GPS_INT 0 0 0 0 0 0 0 0 0 0 0 0 0 0 0 0
19.105 125 STATE_FILTER_STATUS 3 0
19.374 125 GPS_INT 0 0 0 0 0 0 0 0 0 0 0 0 0 0 0 0
19.375 125 ROTORCRAFT_FP 0 0 -156 0 0 -118224 -158 587 -31 0 0 512 -31 0 0
19.376 125 INS 0 0 141 0 0 99947 15 17 65
19.463 125 WP_MOVED_ENU 11 -1351 512 768
19.469 125 GPS_INT 0 0 0 0 0 0 0 0 0 0 0 0 0 0 0 0
19.479 125 ROTORCRAFT_STATUS 0 0 2 0 0 13 0 0 4 5 125 66
19.569 125 ROTORCRAFT_FP 0 0 -182 0 0 -138987 -158 587 -32 0 0 512 -32 0 0
19.666 125 ROTORCRAFT_NAV_STATUS 64 0 0. 0. 0 2 0
19.667 125 INS 0 0 209 0 0 167081 15 18 67
19.727 125 GPS_INT 0 0 0 0 0 0 0 0 0 0 0 0 0 0 0 0
19.805 125 DL_VALUE 9 0.
19.827 125 ROTORCRAFT_FP 0 0 -133 0 0 -68694 -158 587 -32 0 0 512 -32 0 0
19.895 125 LINK_REPORT 125 0 20 0 14797 329 0 607. 14. 0 1.91
19.980 125 GPS_INT 0 0 0 0 0 0 0 0 0 0 0 0 0 0 0 0
20.080 125 ROTORCRAFT_FP 0 0 -104 0 0 -35531 -158 587 -32 0 0 512 -32 0 0
20.131 125 INS 0 0 58 0 0 -16400 4 14 -17
20.256 125 GPS_INT 0 0 0 0 0 0 0 0 0 0 0 0 0 0 0 0
20.335 125 ROTORCRAFT_FP 0 0 -79 0 0 -11003 -158 587 -32 0 0 512 -32 0 0
20.386 125 INS 0 0 43 0 0 -27261 15 18 59
20.388 125 PONG 
20.438 125 ENERGY 12.5 0. 0 0.
20.546 125 GPS_INT 0 0 0 0 0 0 0 0 0 0 0 0 0 0 0 0
20.589 125 ROTORCRAFT_FP 0 0 -63 0 0 862 -158 587 -32 0 0 512 -32 0 0
20.639 125 INS 0 0 75 0 0 14037 15 18 61
20.698 125 ROTORCRAFT_STATUS 0 0 2 0 0 13 0 0 4 5 125 68
20.739 125 GPS_INT 0 0 0 0 0 0 0 0 0 0 0 0 0 0 0 0
20.843 125 WP_MOVED_ENU 12 35 1338 768
20.844 125 ROTORCRAFT_FP 0 0 -177 0 0 -127079 -158 587 -32 0 0 512 -32 0 0
20.893 125 INS 0 0 151 0 0 95409 -61 18 74
20.896 125 LINK_REPORT 125 0 21 0 15537 345 0 740. 16. 0 2.12
20.920 125 DL_VALUE 10 -512.
20.993 125 GPS_INT 0 0 0 0 0 0 0 0 0 0 0 0 0 0 0 0
21.137 125 ROTORCRAFT_FP 0 0 -33 0 0 39700 -158 587 -32 0 0 512 -32 0 0
21.148 125 DATALINK_REPORT 0 0 1123 762 0
21.149 125 INS 0 0 28 0 0 -42963 -60 18 69
21.233 125 ROTORCRAFT_NAV_STATUS 66 0 0. 0. 0 2 0
21.253 125 INS_REF 392442185 30036861 500231304 519906340 43767888 192102 147000 102698.
21.254 125 GPS_INT 0 0 0 0 0 0 0 0 0 0 0 0 0 0 0 0
21.350 125 ROTORCRAFT_FP 0 0 -38 0 0 30364 -158 587 -32 0 0 512 -32 0 0
21.430 125 INS 0 0 120 0 0 59485 5 15 -14
21.500 125 GPS_INT 0 0 0 0 0 0 0 0 0 0 0 0 0 0 0 0
21.600 125 ROTORCRAFT_FP 0 0 -51 0 0 14939 -158 587 -32 0 0 512 -32 0 0
21.722 125 INS 0 0 82 0 0 20900 16 18 60
21.754 125 GPS_INT 0 0 0 0 0 0 0 0 0 0 0 0 0 0 0 0
21.854 125 ROTORCRAFT_FP 0 0 -44 0 0 16258 -158 587 -32 0 0 512 -32 0 0
21.896 125 LINK_REPORT 125 0 22 0 16252 360 0 715. 15. 0 2.12
21.904 125 INS 0 0 51 0 0 -5952 15 -60 62
21.912 125 ROTORCRAFT_STATUS 0 0 2 0 0 13 0 0 4 5 125 69
22.014 125 GPS_INT 0 0 0 0 0 0 0 0 0 0 0 0 0 0 0 0
22.037 125 DL_VALUE 11 1.
22.101 125 WP_MOVED_ENU 0 10956 10549 768
22.110 125 ROTORCRAFT_FP 0 0 -63 0 0 -9355 -158 587 -32 0 0 512 -32 0 0
22.160 125 INS 0 0 66 0 0 13231 4 15 -18
22.309 125 GPS_INT 0 0 0 0 0 0 0 0 0 0 0 0 0 0 0 0
22.354 125 STATE_FILTER_STATUS 3 0
22.366 125 ROTORCRAFT_FP 0 0 -77 0 0 -26052 -158 587 -33 0 0 512 -33 0 0
22.417 125 INS 0 0 83 0 0 33315 4 16 -17
22.522 125 GPS_INT 0 0 0 0 0 0 0 0 0 0 0 0 0 0 0 0
22.621 125 ROTORCRAFT_FP 0 0 -89 0 0 -41213 -158 587 -33 0 0 512 -33 0 0
22.672 125 INS 0 0 94 0 0 47045 4 16 -17
22.761 125 ALIVE 164,219,148,255,11,14,70,35,81,10,105,116,25,58,69,207
22.771 125 GPS_INT 0 0 0 0 0 0 0 0 0 0 0 0 0 0 0 0
22.895 125 ROTORCRAFT_NAV_STATUS 68 0 0. 0. 0 2 0
22.896 125 ROTORCRAFT_FP 0 0 -164 0 0 -119893 -158 587 -33 0 0 512 -33 0 0
22.897 125 LINK_REPORT 125 0 23 0 17030 378 0 778. 18. 0 2.12
22.924 125 INS 0 0 122 0 0 71933 15 -59 63
22.977 125 ENERGY 12.5 0. 0 0.
23.024 125 GPS_INT 0 0 0 0 0 0 0 0 0 0 0 0 0 0 0 0
23.187 125 ROTORCRAFT_FP 0 0 -117 0 0 -65454 -158 587 -33 0 0 512 -33 0 0
23.188 125 ROTORCRAFT_STATUS 0 0 2 0 0 13 0 0 4 5 125 70
23.189 125 DL_VALUE 12 3.
23.190 125 INS 0 0 116 0 0 64682 15 19 60
23.277 125 GPS_INT 0 0 0 0 0 0 0 0 0 0 0 0 0 0 0 0
23.376 125 ROTORCRAFT_FP 0 0 -104 0 0 -50879 -158 588 -33 0 0 512 -33 0 0
23.480 125 WP_MOVED_ENU 1 0 0 768
23.481 125 INS 0 0 74 0 0 18073 14 19 57
23.531 125 GPS_INT 0 0 0 0 0 0 0 0 0 0 0 0 0 0 0 0
23.630 125 ROTORCRAFT_FP 0 0 -42 0 0 12949 -157 588 -33 0 0 512 -33 0 0
23.692 125 INS 0 0 28 0 0 -25464 14 20 55
23.792 125 GPS_INT 0 0 0 0 0 0 0 0 0 0 0 0 0 0 0 0
23.891 125 ROTORCRAFT_FP 0 0 -75 0 0 -25622 -157 588 -33 0 0 512 -33 0 0
23.897 125 LINK_REPORT 125 0 24 0 17775 394 0 745. 16. 0 2.12
23.942 125 INS 0 0 64 0 0 14005 14 19 59
24.068 125 GPS_INT 0 0 0 0 0 0 0 0 0 0 0 0 0 0 0 0
24.145 125 ROTORCRAFT_FP 0 0 -85 0 0 -37256 -157 588 -34 0 0 512 -34 0 0
24.195 125 INS 0 0 92 0 0 44356 2 16 -17
24.274 125 DL_VALUE 13 0.
24.363 125 GPS_INT 0 0 0 0 0 0 0 0 0 0 0 0 0 0 0 0
24.364 125 ROTORCRAFT_STATUS 0 0 2 0 0 13 0 0 4 5 125 71
24.397 125 ROTORCRAFT_FP 0 0 -118 0 0 -73356 -158 588 -34 0 0 512 -34 0 0
24.432 125 WIND_INFO 125 42 0. 0. 0.
24.448 125 INS 0 0 122 0 0 77365 14 19 61
24.483 125 ROTORCRAFT_NAV_STATUS 69 0 0. 0. 0 2 0
24.548 125 GPS_INT 0 0 0 0 0 0 0 0 0 0 0 0 0 0 0 0
24.655 125 ROTORCRAFT_FP 0 0 -131 0 0 -86194 -158 588 -34 0 0 512 -34 0 0
24.702 125 INS 0 0 73 0 0 23173 -63 -59 71
24.740 125 WP_MOVED_ENU 2 23 1280 768
24.802 125 GPS_INT 0 0 0 0 0 0 0 0 0 0 0 0 0 0 0 0
24.898 125 LINK_REPORT 125 0 25 0 18457 409 0 682. 15. 0 2.12
24.950 125 ALIVE 164,219,148,255,11,14,70,35,81,10,105,116,25,58,69,207
24.951 125 ROTORCRAFT_FP 0 0 -122 0 0 -73507 -158 588 -35 0 0 512 -35 0 0
24.956 125 INS 0 0 173 0 0 128579 13 -60 64
25.056 125 GPS_INT 0 0 0 0 0 0 0 0 0 0 0 0 0 0 0 0
25.161 125 ROTORCRAFT_FP 0 0 -111 0 0 -57080 -158 588 -35 0 0 512 -35 0 0
25.245 125 INS 0 0 132 0 0 78137 13 -59 62
25.310 125 GPS_INT 0 0 0 0 0 0 0 0 0 0 0 0 0 0 0 0
25.386 125 DL_VALUE 14 0.5
25.388 125 PONG 
25.410 125 ROTORCRAFT_FP 0 0 -222 0 0 -170350 -158 588 -35 0 0 512 -35 0 0
25.613 125 INS 0 0 172 0 0 113812 -62 19 72
25.613 125 ENERGY 12.5 0. 0 0.
25.615 125 GPS_INT 0 0 0 0 0 0 0 0 0 0 0 0 0 0 0 0
25.616 125 ROTORCRAFT_STATUS 0 0 2 0 0 13 0 0 4 5 125 72
25.676 125 ROTORCRAFT_FP 0 0 -194 0 0 -129475 -158 588 -35 0 0 512 -35 0 0
25.899 125 LINK_REPORT 125 0 26 0 19108 424 0 651. 15. 0 2.26
25.921 125 ROTORCRAFT_FP 0 0 -86 0 0 -5110 -158 588 -35 0 0 512 -35 0 0
25.971 125 INS 0 0 58 0 0 -23017 14 18 56
26.123 125 WP_MOVED_ENU 3 -535 -1269 768
26.124 125 GPS_INT 0 0 0 0 0 0 0 0 0 0 0 0 0 0 0 0
26.125 125 ROTORCRAFT_NAV_STATUS 71 0 0. 0. 0 2 0
26.175 125 ROTORCRAFT_FP 0 0 -79 0 0 -4421 -158 588 -35 0 0 512 -35 0 0
26.225 125 INS 0 0 140 0 0 68797 3 15 -18
26.335 125 DATALINK_REPORT 0 0 1210 764 0
26.337 125 GPS_INT 0 0 0 0 0 0 0 0 0 0 0 0 0 0 0 0
26.435 125 INS_REF 392442185 30036861 500231304 519906340 43767888 192102 147000 102698.
26.436 125 ROTORCRAFT_FP 0 0 -184 0 0 -105014 -158 588 -36 0 0 512 -36 0 0
26.486 125 INS 0 0 202 0 0 121511 2 94 -20
26.512 125 DL_VALUE 15 1.169371
26.586 125 GPS_INT 0 0 0 0 0 0 0 0 0 0 0 0 0 0 0 0
26.710 125 ROTORCRAFT_FP 0 0 -140 0 0 -49006 -158 588 -36 0 0 512 -36 0 0
26.740 125 INS 0 0 120 0 0 26254 1 15 -20
26.794 125 ROTORCRAFT_STATUS 0 0 2 0 0 13 0 0 4 5 125 74
26.840 125 GPS_INT 0 0 0 0 0 0 0 0 0 0 0 0 0 0 0 0
26.900 125 LINK_REPORT 125 0 27 0 19907 442 0 799. 18. 0 2.26
27.004 125 ROTORCRAFT_FP 0 0 -130 0 0 -36230 -158 588 -36 0 0 512 -36 0 0
27.005 125 INS 0 0 90 0 0 -7067 -64 19 66
27.037 125 ALIVE 164,219,148,255,11,14,70,35,81,10,105,116,25,58,69,207
27.287 125 ROTORCRAFT_FP 0 0 -163 0 0 -71430 -158 589 -36 0 0 512 -36 0 0
27.375 125 INS 0 0 99 0 0 3997 12 17 55
27.378 125 GPS_INT 0 0 0 0 0 0 0 0 0 0 0 0 0 0 0 0
27.390 125 WP_MOVED_ENU 4 1379 -2818 768
27.454 125 ROTORCRAFT_FP 0 0 -112 0 0 -22347 -158 589 -36 0 0 512 -36 0 0
27.509 125 INS 0 0 139 0 0 51110 11 17 56
27.609 125 GPS_INT 0 0 0 0 0 0 0 0 0 0 0 0 0 0 0 0
27.634 125 DL_VALUE 16 0.85
27.709 125 ROTORCRAFT_FP 0 0 -42 0 0 50177 -158 589 -36 0 0 512 -36 0 0
27.744 125 ROTORCRAFT_NAV_STATUS 72 0 0. 0. 0 2 0
27.760 125 INS 0 0 87 0 0 -948 11 18 54
27.883 125 GPS_INT 0 0 0 0 0 0 0 0 0 0 0 0 0 0 0 0
27.901 125 LINK_REPORT 125 0 28 0 20591 457 0 684. 15. 0 2.26
27.964 125 ROTORCRAFT_FP 0 0 -118 0 0 -38576 -158 589 -37 0 0 512 -37 0 0
28.014 125 INS 0 0 105 0 0 24912 11 -61 58
28.018 125 ROTORCRAFT_STATUS 0 0 2 0 0 13 0 0 4 5 125 75
28.067 125 ENERGY 12.5 0. 0 0.
28.176 125 GPS_INT 0 0 0 0 0 0 0 0 0 0 0 0 0 0 0 0
28.221 125 ROTORCRAFT_FP 0 0 -173 0 0 -94959 -158 589 -37 0 0 512 -37 0 0
28.271 125 INS 0 0 189 0 0 109357 0 14 -18
28.371 125 GPS_INT 0 0 0 0 0 0 0 0 0 0 0 0 0 0 0 0
28.474 125 ROTORCRAFT_FP 0 0 -261 0 0 -178128 -158 589 -38 0 0 512 -38 0 0
28.525 125 INS 0 0 210 0 0 120700 10 17 58
28.625 125 GPS_INT 0 0 0 0 0 0 0 0 0 0 0 0 0 0 0 0
28.762 125 WP_MOVED_ENU 5 317 143 768
28.765 125 ROTORCRAFT_FP 0 0 -210 0 0 -118530 -158 589 -38 0 0 512 -38 0 0
28.766 125 DL_VALUE 17 116.
28.778 125 INS 0 0 194 0 0 100682 10 -60 60
28.864 125 STATE_FILTER_STATUS 3 0
28.878 125 GPS_INT 0 0 0 0 0 0 0 0 0 0 0 0 0 0 0 0
28.901 125 LINK_REPORT 125 0 29 0 21345 474 0 754. 17. 0 2.26
29.057 125 ROTORCRAFT_FP 0 0 -134 0 0 -36406 -158 589 -38 0 0 512 -38 0 0
29.058 125 INS 0 0 215 0 0 122141 11 18 58
29.132 125 GPS_INT 0 0 0 0 0 0 0 0 0 0 0 0 0 0 0 0
29.171 125 ALIVE 164,219,148,255,11,14,70,35,81,10,105,116,25,58,69,207
29.232 125 ROTORCRAFT_FP 0 0 -116 0 0 -15993 -158 589 -38 0 0 512 -38 0 0
29.235 125 ROTORCRAFT_STATUS 0 0 2 0 0 13 0 0 4 5 125 76
29.352 125 INS 0 0 144 0 0 46986 11 18 55
29.372 125 ROTORCRAFT_NAV_STATUS 74 0 0. 0. 0 2 0
29.388 125 GPS_INT 0 0 0 0 0 0 0 0 0 0 0 0 0 0 0 0
29.488 125 ROTORCRAFT_FP 0 0 -178 0 0 -76441 -158 589 -37 0 0 512 -37 0 0
29.538 125 INS 0 0 171 0 0 67087 12 18 55
29.648 125 GPS_INT 0 0 0 0 0 0 0 0 0 0 0 0 0 0 0 0
29.744 125 ROTORCRAFT_FP 0 0 -164 0 0 -57127 -158 589 -37 0 0 512 -37 0 0
29.795 125 INS 0 0 131 0 0 21626 11 -60 57
29.901 125 LINK_REPORT 125 0 30 0 22022 488 0 677. 14. 0 2.26
29.935 125 DL_VALUE 18 60.
29.937 125 GPS_INT 0 0 0 0 0 0 0 0 0 0 0 0 0 0 0 0
29.998 125 ROTORCRAFT_FP 0 0 -160 0 0 -56371 -158 589 -37 0 0 512 -37 0 0
30.032 125 WP_MOVED_ENU 6 -386 -284 768
30.048 125 INS 0 0 115 0 0 8350 12 18 53
30.151 125 GPS_INT 0 0 0 0 0 0 0 0 0 0 0 0 0 0 0 0
30.250 125 ROTORCRAFT_FP 0 0 -155 0 0 -52019 -158 589 -37 0 0 512 -37 0 0
30.301 125 INS 0 0 125 0 0 20834 11 18 53
30.389 125 PONG 
30.401 125 GPS_INT 0 0 0 0 0 0 0 0 0 0 0 0 0 0 0 0
30.524 125 ROTORCRAFT_STATUS 0 0 2 0 0 13 0 0 4 5 125 77
30.525 125 ROTORCRAFT_FP 0 0 -172 0 0 -71365 -158 589 -38 0 0 512 -38 0 0
30.555 125 INS 0 0 170 0 0 69491 11 19 55
30.609 125 ENERGY 12.5 0. 0 0.
30.655 125 GPS_INT 0 0 0 0 0 0 0 0 0 0 0 0 0 0 0 0
30.819 125 ROTORCRAFT_FP 0 0 -176 0 0 -75088 -158 589 -38 0 0 512 -38 0 0
30.819 125 INS 0 0 183 0 0 81242 10 19 55
30.902 125 LINK_REPORT 125 0 31 0 22773 505 0 751. 17. 0 2.39
30.912 125 GPS_INT 0 0 0 0 0 0 0 0 0 0 0 0 0 0 0 0
30.985 125 DL_VALUE 19 30.
30.994 125 ROTORCRAFT_NAV_STATUS 76 0 0. 0. 0 2 0
31.011 125 ROTORCRAFT_FP 0 0 -190 0 0 -87372 -158 589 -38 0 0 512 -38 0 0
31.113 125 INS 0 0 170 0 0 65985 -77 -61 -8
31.166 125 GPS_INT 0 0 0 0 0 0 0 0 0 0 0 0 0 0 0 0
31.266 125 ROTORCRAFT_FP 0 0 -164 0 0 -54630 -158 589 -38 0 0 512 -38 0 0
31.304 125 ALIVE 164,219,148,255,11,14,70,35,81,10,105,116,25,58,69,207
31.321 125 INS 0 0 164 0 0 54951 -65 -59 67
31.404 125 WP_MOVED_ENU 7 -773 399 768
31.421 125 GPS_INT 0 0 0 0 0 0 0 0 0 0 0 0 0 0 0 0
31.520 125 DATALINK_REPORT 0 0 1296 761 0
31.522 125 ROTORCRAFT_FP 0 0 -202 0 0 -94483 -157 589 -37 0 0 512 -37 0 0
31.570 125 INS 0 0 219 0 0 110870 11 -58 58
31.697 125 INS_REF 392442185 30036861 500231304 519906340 43767888 192102 147000 102698.
31.698 125 GPS_INT 0 0 0 0 0 0 0 0 0 0 0 0 0 0 0 0
31.699 125 ROTORCRAFT_STATUS 0 0 2 0 0 13 0 0 4 5 125 78
31.772 125 ROTORCRAFT_FP 0 0 -124 0 0 -8199 -157 589 -37 0 0 512 -37 0 0
31.823 125 INS 0 0 111 0 0 -4807 0 -61 -22
31.902 125 LINK_REPORT 125 0 32 0 23595 524 0 822. 19. 0 2.39
31.989 125 GPS_INT 0 0 0 0 0 0 0 0 0 0 0 0 0 0 0 0
32.027 125 ROTORCRAFT_FP 0 0 -100 0 0 11274 -157 589 -37 0 0 512 -37 0 0
32.078 125 INS 0 0 119 0 0 10648 10 -58 54
32.101 125 DL_VALUE 20 0.
32.112 125 STATE_FILTER_STATUS 3 0
32.177 125 GPS_INT 0 0 0 0 0 0 0 0 0 0 0 0 0 0 0 0
32.287 125 ROTORCRAFT_FP 0 0 -169 0 0 -65589 -157 590 -37 0 0 512 -37 0 0
32.336 125 INS 0 0 183 0 0 77706 -1 17 -23
32.436 125 GPS_INT 0 0 0 0 0 0 0 0 0 0 0 0 0 0 0 0
32.577 125 ROTORCRAFT_FP 0 0 -81 0 0 33384 -157 590 -37 0 0 512 -37 0 0
32.592 125 INS 0 0 101 0 0 -11181 -1 17 -25
32.625 125 ROTORCRAFT_NAV_STATUS 77 0 0. 0. 0 2 0
32.645 125 AUTOPILOT_VERSION 50401 v5.4.1_stable-4-ga603c8e-dirty
32.674 125 WP_MOVED_ENU 8 -87 826 768
32.692 125 GPS_INT 0 0 0 0 0 0 0 0 0 0 0 0 0 0 0 0
32.793 125 ROTORCRAFT_FP 0 0 -47 0 0 60042 -157 590 -37 0 0 512 -37 0 0
32.872 125 INS 0 0 80 0 0 -23540 9 20 50
32.894 125 ROTORCRAFT_STATUS 0 0 2 0 0 13 0 0 4 5 125 80
32.903 125 LINK_REPORT 125 0 33 0 24391 542 0 796. 18. 0 2.39
33.043 125 ROTORCRAFT_FP 0 0 -143 0 0 -43334 -157 590 -37 0 0 512 -37 0 0
33.165 125 INS 0 0 76 0 0 -25671 10 19 50
33.166 125 ENERGY 12.5 0. 0 0.
33.197 125 GPS_INT 0 0 0 0 0 0 0 0 0 0 0 0 0 0 0 0
33.220 125 DL_VALUE 21 62.
33.297 125 ROTORCRAFT_FP 0 0 -75 0 0 25649 -158 590 -38 0 0 512 -38 0 0
33.348 125 INS 0 0 81 0 0 -18191 -67 19 61
33.457 125 ALIVE 164,219,148,255,11,14,70,35,81,10,105,116,25,58,69,207
33.459 125 GPS_INT 0 0 0 0 0 0 0 0 0 0 0 0 0 0 0 0
33.554 125 ROTORCRAFT_FP 0 0 -29 0 0 65532 -158 590 -38 0 0 512 -38 0 0
33.604 125 INS 0 0 45 0 0 -46648 9 18 49
33.751 125 GPS_INT 0 0 0 0 0 0 0 0 0 0 0 0 0 0 0 0
33.807 125 ROTORCRAFT_FP 0 0 -128 0 0 -42845 -158 590 -37 0 0 512 -37 0 0
33.858 125 INS 0 0 138 0 0 52867 9 18 52
33.903 125 LINK_REPORT 125 0 34 0 25055 556 0 664. 14. 0 2.39
33.967 125 GPS_INT 0 0 0 0 0 0 0 0 0 0 0 0 0 0 0 0
34.060 125 WP_MOVED_ENU 9 824 28 768
34.066 125 ROTORCRAFT_FP 0 0 -136 0 0 -49481 -158 590 -38 0 0 512 -38 0 0
34.116 125 ROTORCRAFT_STATUS 0 0 2 0 0 13 0 0 4 5 125 81
34.118 125 INS 0 0 143 0 0 56453 9 17 52
34.217 125 GPS_INT 0 0 0 0 0 0 0 0 0 0 0 0 0 0 0 0
34.259 125 ROTORCRAFT_NAV_STATUS 79 0 0. 0. 0 2 0
34.337 125 ROTORCRAFT_FP 0 0 -117 0 0 -27949 -158 590 -38 0 0 512 -38 0 0
34.348 125 DL_VALUE 22 0.
34.376 125 INS 0 0 61 0 0 -28998 8 -60 52
34.432 125 WIND_INFO 125 42 0. 0. 0.
34.481 125 GPS_INT 0 0 0 0 0 0 0 0 0 0 0 0 0 0 0 0
34.632 125 ROTORCRAFT_FP 0 0 -135 0 0 -53240 -158 590 -38 0 0 512 -38 0 0
34.633 125 INS 0 0 149 0 0 66153 -79 15 -13
34.730 125 GPS_INT 0 0 0 0 0 0 0 0 0 0 0 0 0 0 0 0
34.832 125 ROTORCRAFT_FP 0 0 -86 0 0 377 -158 590 -38 0 0 512 -38 0 0
34.904 125 LINK_REPORT 125 0 35 0 25759 571 0 704. 15. 0 2.39
34.926 125 INS 0 0 155 0 0 70339 9 17 52
34.982 125 GPS_INT 0 0 0 0 0 0 0 0 0 0 0 0 0 0 0 0
35.083 125 ROTORCRAFT_FP 0 0 -98 0 0 -10362 -158 590 -38 0 0 512 -38 0 0
35.136 125 INS 0 0 86 0 0 -1292 -79 16 -15
35.237 125 GPS_INT 0 0 0 0 0 0 0 0 0 0 0 0 0 0 0 0
35.316 125 WP_MOVED_ENU 10 -509 -796 768
35.336 125 ROTORCRAFT_STATUS 0 0 2 0 0 13 0 0 4 5 125 82
35.337 125 ROTORCRAFT_FP 0 0 -180 0 0 -98527 -158 590 -38 0 0 512 -38 0 0
35.371 125 STATE_FILTER_STATUS 3 0
35.386 125 INS 0 0 179 0 0 95474 -4 15 -24
35.400 125 PONG 
35.514 125 DL_VALUE 23 0.
35.516 125 GPS_INT 0 0 0 0 0 0 0 0 0 0 0 0 0 0 0 0
35.579 125 ALIVE 164,219,148,255,11,14,70,35,81,10,105,116,25,58,69,207
35.591 125 ROTORCRAFT_FP 25 38 -50241 0 0 -52331088 -157 589 -397 0 0 512 -397 0 0
35.641 125 INS 38 25 50494 0 0 39416784 12 18 13567
35.694 125 ENERGY 12.5 0. 0 0.
35.808 125 GPS_INT 392430403 30035970 500216211 519906353 43767903 96 96 0 0 0 0 0 0 0 15 3
35.845 125 ROTORCRAFT_FP 25 38 -49751 0 0 -8328277 -158 589 -397 0 0 512 -397 0 0
35.878 125 ROTORCRAFT_NAV_STATUS 0 0 0.2 0. 1 1 0
35.896 125 INS 38 25 49690 0 0 6583559 11 17 19331
35.904 125 LINK_REPORT 125 0 36 0 26605 592 0 846. 21. 0 13.27
35.997 125 GPS_INT 392430403 30035970 500216211 519906353 43767903 96 96 0 0 0 0 0 0 0 15 3
36.102 125 ROTORCRAFT_FP 25 38 -49265 0 0 -1830127 -158 589 -396 0 0 512 -396 0 0
36.152 125 INS 38 25 49213 0 0 1579081 11 17 19849
36.252 125 GPS_INT 392430403 30035970 500216211 519906353 43767903 96 96 0 0 0 0 0 0 0 15 3
36.392 125 ROTORCRAFT_FP 25 38 -49190 0 0 -1997003 -158 589 -396 0 0 512 -396 0 0
36.407 125 INS 38 25 49161 0 0 1858016 4 -60 19865
36.506 125 GPS_INT 392430403 30035970 500216211 519906353 43767903 96 96 0 0 0 0 0 0 0 15 3
36.555 125 ROTORCRAFT_STATUS 0 0 2 0 3 13 0 0 4 5 125 83
36.578 125 DL_VALUE 24 149.
36.689 125 ROTORCRAFT_FP 25 38 -49194 0 0 -2424498 -158 590 -395 0 0 512 -395 0 0
36.690 125 WP_MOVED_ENU 11 -1351 512 768
36.691 125 INS 38 25 49178 0 0 2304184 3 -60 19864
36.710 125 DATALINK_REPORT 0 0 1385 779 0
36.761 125 GPS_INT 392430403 30035970 500216211 519906353 43767903 96 96 0 0 0 0 0 0 0 15 3
36.809 125 INS_REF 392442185 30036861 500231304 519906340 43767888 192102 147000 102698.
36.861 125 ROTORCRAFT_FP 25 38 -49193 0 0 -2430770 -158 590 -395 0 0 512 -395 0 0
36.905 125 LINK_REPORT 125 0 37 0 27341 608 0 736. 16. 0 13.27
36.983 125 INS 38 25 49232 0 0 2745696 11 19 19867
37.021 125 GPS_INT 392430403 30035970 500216211 519906353 43767903 96 96 0 0 0 0 0 0 0 15 3
37.121 125 ROTORCRAFT_FP 25 38 -49187 0 0 -2361681 -157 590 -394 0 0 512 -394 0 0
37.171 125 INS 38 25 49207 0 0 2519636 10 19 19876
37.278 125 GPS_INT 392430403 30035970 500216211 519906353 43767903 96 96 0 0 0 0 0 0 0 15 3
37.377 125 ROTORCRAFT_FP 25 38 -49202 0 0 -2471013 -157 590 -393 0 0 512 -393 0 0
37.427 125 INS 38 25 49194 0 0 2393158 -1 17 19807
37.574 125 ROTORCRAFT_NAV_STATUS 2 0 0.2 0. 1 1 0
37.575 125 GPS_INT 392430403 30035970 500216211 519906353 43767903 96 96 0 0 0 0 0 0 0 15 3
37.635 125 ROTORCRAFT_FP 25 38 -49194 0 0 -2374675 -157 590 -393 0 0 512 -393 0 0
37.686 125 INS 38 25 49215 0 0 2550149 10 19 19891
37.707 125 DL_VALUE 25 -393.
37.723 125 ALIVE 164,219,148,255,11,14,70,35,81,10,105,116,25,58,69,207
37.860 125 ROTORCRAFT_STATUS 0 0 2 0 3 13 0 0 4 5 125 84
37.861 125 GPS_INT 392430403 30035970 500216211 519906353 43767903 96 96 0 0 0 0 0 0 0 15 3
37.890 125 ROTORCRAFT_FP 25 38 -49169 0 0 -2149572 -157 590 -393 0 0 512 -393 0 0
37.905 125 LINK_REPORT 125 0 38 0 28091 624 0 750. 16. 0 13.27
37.943 125 INS 38 25 49191 0 0 2365982 -2 17 19821
37.968 125 WP_MOVED_ENU 12 35 1338 768
38.041 125 GPS_INT 392430403 30035970 500216211 519906353 43767903 96 96 0 0 0 0 0 0 0 15 3
38.156 125 ROTORCRAFT_FP 25 38 -49192 0 0 -2333153 -157 591 -393 0 0 512 -393 0 0
38.196 125 INS 38 25 49178 0 0 2228986 9 19 19905
38.249 125 ENERGY 12.4 0. 0 0.
38.296 125 GPS_INT 392430403 30035970 500216211 519906353 43767903 96 96 0 0 0 0 0 0 0 15 3
38.445 125 ROTORCRAFT_FP 25 38 -49188 0 0 -2309367 -157 591 -393 0 0 512 -393 0 0
38.450 125 INS 38 25 49198 0 0 2377515 9 19 19911
38.550 125 GPS_INT 392430403 30035970 500216211 519906353 43767903 96 96 0 0 0 0 0 0 0 15 3
38.633 125 STATE_FILTER_STATUS 3 0
38.656 125 ROTORCRAFT_FP 25 38 -49213 0 0 -2529811 -157 591 -394 0 0 512 -394 0 0
38.738 125 INS 38 25 49190 0 0 2317344 9 20 19918
38.807 125 GPS_INT 392430403 30035970 500216211 519906353 43767903 96 96 0 0 0 0 0 0 0 15 3
38.827 125 DL_VALUE 26 5.
38.906 125 LINK_REPORT 125 0 39 0 28758 639 0 667. 15. 0 13.27
38.906 125 ROTORCRAFT_FP 25 38 -49193 0 0 -2361191 -157 591 -394 0 0 512 -394 0 0
39.033 125 INS 38 25 49223 0 0 2616942 2 -58 19926
39.034 125 ROTORCRAFT_STATUS 0 0 2 0 3 13 0 0 4 5 125 86
39.069 125 GPS_INT 392430403 30035970 500216211 519906353 43767903 96 96 0 0 0 0 0 0 0 15 3
39.149 125 ROTORCRAFT_NAV_STATUS 4 0 0.2 0. 1 1 0
39.167 125 ROTORCRAFT_FP 25 38 -49185 0 0 -2290500 -157 591 -394 0 0 512 -394 0 0
39.217 125 INS 38 25 49203 0 0 2444724 16 98 19926
39.327 125 WP_MOVED_ENU 0 10956 10549 768
39.328 125 GPS_INT 392430403 30035970 500216211 519906353 43767903 96 96 0 0 0 0 0 0 0 15 3
39.421 125 ROTORCRAFT_FP 25 38 -49193 0 0 -2399561 -157 591 -394 0 0 512 -394 0 0
39.471 125 INS 38 25 49185 0 0 2316727 -3 18 19859
39.621 125 GPS_INT 392430403 30035970 500216211 519906353 43767903 96 96 0 0 0 0 0 0 0 15 3
39.675 125 ROTORCRAFT_FP 25 38 -49189 0 0 -2323777 -157 591 -394 0 0 512 -394 0 0
39.726 125 INS 38 25 49210 0 0 2510514 -4 19 19865
39.830 125 GPS_INT 392430403 30035970 500216211 519906353 43767903 96 96 0 0 0 0 0 0 0 15 3
39.906 125 LINK_REPORT 125 0 40 0 29493 654 0 735. 15. 0 13.27
39.914 125 ALIVE 164,219,148,255,11,14,70,35,81,10,105,116,25,58,69,207
39.929 125 ROTORCRAFT_FP 25 38 -49208 0 0 -2450291 -157 591 -394 0 0 512 -394 0 0
39.950 125 DL_VALUE 27 400.
39.984 125 INS 38 25 49194 0 0 2348169 7 21 19949
40.079 125 GPS_INT 392430403 30035970 500216211 519906353 43767903 96 96 0 0 0 0 0 0 0 15 3
40.208 125 ROTORCRAFT_FP 25 38 -49236 0 0 -2700595 -157 591 -394 0 0 512 -394 0 0
40.231 125 ROTORCRAFT_STATUS 0 0 2 0 3 13 0 0 4 5 125 87
40.235 125 INS 38 25 49197 0 0 2363858 -69 28 19965
40.335 125 GPS_INT 392430403 30035970 500216211 519906353 43767903 96 96 0 0 0 0 0 0 0 15 3
40.389 125 PONG 
40.500 125 ROTORCRAFT_FP 25 38 -49226 0 0 -2644703 -157 591 -394 0 0 512 -394 0 0
40.509 125 INS 38 25 49295 0 0 3143737 7 20 19959
40.590 125 GPS_INT 392430403 30035970 500216211 519906353 43767903 96 96 0 0 0 0 0 0 0 15 3
40.616 125 WP_MOVED_ENU 1 0 0 768
40.690 125 ROTORCRAFT_FP 25 38 -49202 0 0 -2472261 -157 591 -394 0 0 512 -394 0 0
40.793 125 INS 38 25 49188 0 0 2315839 0 -58 19969
40.795 125 ROTORCRAFT_NAV_STATUS 5 0 0.2 0. 1 1 0
40.799 125 ENERGY 12.5 0. 0 0.
40.846 125 GPS_INT 392430403 30035970 500216211 519906353 43767903 96 96 0 0 0 0 0 0 0 15 3
40.906 125 LINK_REPORT 125 0 41 0 30288 673 0 795. 19. 0 2.
40.946 125 ROTORCRAFT_FP 25 38 -49191 0 0 -2334550 -157 592 -395 0 0 512 -395 0 0
41.001 125 INS 38 25 49214 0 0 2536627 -69 27 19983
41.089 125 DL_VALUE 28 400.
41.100 125 GPS_INT 392430403 30035970 500216211 519906353 43767903 96 96 0 0 0 0 0 0 0 15 3
41.200 125 ROTORCRAFT_FP 25 38 -49210 0 0 -2515346 -157 592 -394 0 0 512 -394 0 0
41.251 125 INS 38 25 49187 0 0 2314302 0 -58 19981
41.381 125 GPS_INT 392430403 30035970 500216211 519906353 43767903 96 96 0 0 0 0 0 0 0 15 3
41.452 125 ROTORCRAFT_STATUS 0 0 2 0 3 13 0 0 4 5 125 88
41.456 125 ROTORCRAFT_FP 25 38 -49187 0 0 -2336267 -157 592 -394 0 0 512 -394 0 0
41.507 125 INS 38 25 49209 0 0 2524625 7 20 19984
41.673 125 GPS_INT 392430403 30035970 500216211 519906353 43767903 96 96 0 0 0 0 0 0 0 15 3
41.717 125 ROTORCRAFT_FP 25 38 -49179 0 0 -2235047 -157 592 -394 0 0 512 -394 0 0
41.768 125 INS 38 25 49201 0 0 2438581 6 20 19990
41.867 125 GPS_INT 392430403 30035970 500216211 519906353 43767903 96 96 0 0 0 0 0 0 0 15 3
41.907 125 LINK_REPORT 125 0 42 0 30994 687 0 706. 14. 0 2.
41.967 125 STATE_FILTER_STATUS 3 0
41.968 125 DATALINK_REPORT 0 0 1469 43296 0
41.969 125 WP_MOVED_ENU 2 23 1280 768
41.972 125 ROTORCRAFT_FP 25 38 -49207 0 0 -2466362 -157 592 -394 0 0 512 -394 0 0
42.009 125 ALIVE 164,219,148,255,11,14,70,35,81,10,105,116,25,58,69,207
42.021 125 INS_REF 392442185 30036861 500231304 519906340 43767888 192102 147000 102698.
42.023 125 INS 38 25 49190 0 0 2322913 5 20 19996
42.123 125 GPS_INT 392430403 30035970 500216211 519906353 43767903 96 96 0 0 0 0 0 0 0 15 3
42.260 125 DL_VALUE 29 350.
42.262 125 ROTORCRAFT_FP 25 38 -49236 0 0 -2725955 -157 592 -394 0 0 512 -394 0 0
42.277 125 INS 38 25 49194 0 0 2344428 5 21 20002
42.377 125 GPS_INT 392430403 30035970 500216211 519906353 43767903 96 96 0 0 0 0 0 0 0 15 3
42.408 125 ROTORCRAFT_NAV_STATUS 7 0 0.2 0. 1 1 0
42.556 125 ROTORCRAFT_FP 25 38 -49219 0 0 -2595731 -157 592 -394 0 0 512 -394 0 0
42.558 125 INS 38 25 49182 0 0 2247127 -3 -56 20012
42.634 125 GPS_INT 392430403 30035970 500216211 519906353 43767903 96 96 0 0 0 0 0 0 0 15 3
42.678 125 ROTORCRAFT_STATUS 0 0 2 0 3 13 0 0 4 5 125 89
42.733 125 ROTORCRAFT_FP 25 38 -49198 0 0 -2410567 -156 593 -395 0 0 512 -395 0 0
42.850 125 INS 38 25 49230 0 0 2679049 4 21 20013
42.891 125 GPS_INT 392430403 30035970 500216211 519906353 43767903 96 96 0 0 0 0 0 0 0 15 3
42.907 125 LINK_REPORT 125 0 43 0 31825 707 0 831. 20. 0 2.
42.991 125 ROTORCRAFT_FP 25 38 -49215 0 0 -2570835 -156 593 -394 0 0 512 -394 0 0
43.041 125 INS 38 25 49200 0 0 2436794 -8 20 19942
43.145 125 GPS_INT 392430403 30035970 500216211 519906353 43767903 96 96 0 0 0 0 0 0 0 15 3
43.245 125 ROTORCRAFT_FP 25 38 -49204 0 0 -2454137 -156 593 -394 0 0 512 -394 0 0
43.268 125 WP_MOVED_ENU 3 -535 -1269 768
43.295 125 INS 38 25 49185 0 0 2280328 4 22 20025
43.314 125 DL_VALUE 30 75.
43.352 125 ENERGY 12.5 0. 0 0.
43.435 125 GPS_INT 392430403 30035970 500216211 519906353 43767903 96 96 0 0 0 0 0 0 0 15 3
43.498 125 ROTORCRAFT_FP 25 38 -49181 0 0 -2275645 -156 593 -394 0 0 512 -394 0 0
43.549 125 INS 38 25 49201 0 0 2462338 -72 29 20041
43.730 125 GPS_INT 392430403 30035970 500216211 519906353 43767903 96 96 0 0 0 0 0 0 0 15 3
43.752 125 ROTORCRAFT_FP 25 38 -49195 0 0 -2389603 -156 593 -394 0 0 512 -394 0 0
43.804 125 INS 38 25 49185 0 0 2319976 -72 30 20047
43.896 125 ROTORCRAFT_STATUS 0 0 2 0 3 13 0 0 4 5 124 90
43.904 125 GPS_INT 392430403 30035970 500216211 519906353 43767903 96 96 0 0 0 0 0 0 0 15 3
43.907 125 LINK_REPORT 125 0 44 0 32570 723 0 745. 16. 0 2.
44.022 125 AUTOPILOT_VERSION 50401 v5.4.1_stable-4-ga603c8e-dirty
44.023 125 ROTORCRAFT_FP 25 38 -49273 0 0 -3002488 -156 593 -394 0 0 512 -394 0 0
44.036 125 ROTORCRAFT_NAV_STATUS 8 0 0.2 0. 1 1 0
44.056 125 INS 38 25 49195 0 0 2379758 4 23 20041
44.142 125 ALIVE 164,219,148,255,11,14,70,35,81,10,105,116,25,58,69,207
44.156 125 GPS_INT 392430403 30035970 500216211 519906353 43767903 96 96 0 0 0 0 0 0 0 15 3
44.317 125 ROTORCRAFT_FP 25 38 -49215 0 0 -2558793 -156 593 -394 0 0 512 -394 0 0
44.318 125 INS 38 25 49191 0 0 2336559 4 23 20047
44.410 125 GPS_INT 392430403 30035970 500216211 519906353 43767903 96 96 0 0 0 0 0 0 0 15 3
44.429 125 DL_VALUE 31 75.
44.432 125 WIND_INFO 125 42 0. 0. 0.
44.509 125 ROTORCRAFT_FP 25 38 -49198 0 0 -2399963 -156 593 -394 0 0 512 -394 0 0
44.608 125 INS 38 25 49229 0 0 2659674 -79 -48 20066
44.609 125 WP_MOVED_ENU 4 1379 -2818 768
44.668 125 GPS_INT 392430403 30035970 500216211 519906353 43767903 96 96 0 0 0 0 0 0 0 15 3
44.766 125 ROTORCRAFT_FP 25 38 -49218 0 0 -2577903 -156 593 -394 0 0 512 -394 0 0
44.903 125 INS 38 25 49209 0 0 2499491 -78 -47 20072
44.908 125 LINK_REPORT 125 0 45 0 33295 739 0 725. 16. 0 2.
44.926 125 GPS_INT 392430403 30035970 500216211 519906353 43767903 96 96 0 0 0 0 0 0 0 15 3
45.025 125 ROTORCRAFT_FP 25 38 -49207 0 0 -2490288 -155 592 -394 0 0 512 -394 0 0
45.076 125 INS 38 25 49191 0 0 2351374 5 24 20064
45.281 125 ROTORCRAFT_FP 28 38 83 0 0 -19322 -155 592 -393 0 0 83 -393 0 0
45.331 125 INS 38 28 -83 0 0 21499 5 24 357
45.389 125 PONG 
45.492 125 GPS_INT 392430403 30035970 500216211 519906353 43767903 96 96 0 0 0 0 0 0 0 15 3
45.535 125 ROTORCRAFT_FP 28 38 84 0 0 -24942 -155 592 -393 0 0 84 -393 0 0
45.553 125 DL_VALUE 32 50.
45.584 125 INS 38 28 -84 0 0 23934 6 24 324
45.665 125 ROTORCRAFT_NAV_STATUS 0 0 0. 0. 2 1 3
45.684 125 GPS_INT 392430403 30035970 500216211 519906353 43767903 96 96 0 0 0 0 0 0 0 15 3
45.790 125 ROTORCRAFT_FP 28 38 81 0 0 -40812 -155 592 -393 0 0 81 -393 0 0
45.840 125 INS 38 28 -81 0 0 41168 -1 -52 283
45.892 125 ENERGY 12.5 0. 0 0.
45.909 125 LINK_REPORT 125 0 46 0 33963 754 0 668. 15. 0 1.64
45.910 125 WP_MOVED_ENU 5 317 143 768
45.940 125 GPS_INT 392430403 30035970 500216211 519906353 43767903 96 96 0 0 0 0 0 0 0 15 3
46.079 125 ROTORCRAFT_FP 28 38 83 0 0 -22772 -155 592 -393 0 0 83 -393 0 0
46.095 125 INS 38 28 -83 0 0 17299 7 26 178
46.194 125 GPS_INT 392430403 30035970 500216211 519906353 43767903 96 96 0 0 0 0 0 0 0 15 3
46.285 125 ALIVE 164,219,148,255,11,14,70,35,81,10,105,116,25,58,69,207
46.373 125 ROTORCRAFT_FP 28 38 84 0 0 -12042 -155 591 -393 0 0 84 -393 0 0
46.374 125 ROTORCRAFT_STATUS 0 0 2 0 3 13 0 0 4 5 125 93
46.375 125 INS 38 28 -83 0 0 18443 -69 33 160
46.547 125 ROTORCRAFT_FP 28 38 83 0 0 -18850 -155 591 -393 0 0 83 -393 0 0
46.665 125 INS 38 28 -84 0 0 7725 8 25 119
46.672 125 DL_VALUE 33 300.
46.704 125 GPS_INT 392430403 30035970 500216211 519906353 43767903 96 96 0 0 0 0 0 0 0 15 3
46.803 125 ROTORCRAFT_FP 28 38 82 0 0 -23582 -155 591 -393 0 0 82 -393 0 0
46.854 125 INS 38 28 -83 0 0 10970 8 25 110
46.909 125 LINK_REPORT 125 0 47 0 34649 769 0 686. 15. 0 1.64
46.961 125 GPS_INT 392430403 30035970 500216211 519906353 43767903 96 96 0 0 0 0 0 0 0 15 3
47.057 125 ROTORCRAFT_FP 28 38 84 0 0 -3476 -155 590 -393 0 0 84 -393 0 0
47.105 125 DATALINK_REPORT 0 0 1556 769 0
47.108 125 INS 38 28 -84 0 0 -2221 -2 21 9
47.250 125 INS_REF 392430395 30035958 500216175 519906340 43767888 96 96 102701.
47.251 125 GPS_INT 392430403 30035970 500216211 519906353 43767903 96 96 0 0 0 0 0 0 0 15 3
47.253 125 WP_MOVED_ENU 6 -386 -284 768
47.294 125 ROTORCRAFT_NAV_STATUS 2 2 0. 0. 2 1 3
47.314 125 ROTORCRAFT_FP 28 38 83 0 0 -8660 -156 590 -393 0 0 83 -393 0 0
47.364 125 INS 38 28 -86 0 0 -11532 10 22 73
47.544 125 GPS_INT 392430403 30035970 500216211 519906353 43767903 96 96 0 0 0 0 0 0 0 15 3
47.561 125 ROTORCRAFT_STATUS 0 0 2 0 3 13 0 0 4 5 125 94
47.568 125 ROTORCRAFT_FP 28 38 84 0 0 -1848 -156 590 -393 0 0 84 -393 0 0
47.618 125 INS 38 28 -84 0 0 4918 10 22 80
47.718 125 GPS_INT 392430403 30035970 500216211 519906353 43767903 96 96 0 0 0 0 0 0 0 15 3
47.836 125 DL_VALUE 34 300.
47.837 125 ROTORCRAFT_FP 28 38 84 0 0 -8615 -155 590 -393 0 0 84 -393 0 0
47.875 125 INS 38 28 -85 0 0 -522 -64 30 81
47.910 125 LINK_REPORT 125 0 48 0 35448 787 0 799. 18. 0 1.64
47.974 125 GPS_INT 392430403 30035970 500216211 519906353 43767903 96 96 0 0 0 0 0 0 0 15 3
48.132 125 ROTORCRAFT_FP 28 38 83 0 0 -17614 -155 590 -392 0 0 83 -393 0 0
48.133 125 INS 38 28 -82 0 0 18166 12 23 76
48.227 125 GPS_INT 392430403 30035970 500216211 519906353 43767903 96 96 0 0 0 0 0 0 0 15 3
48.330 125 ROTORCRAFT_FP 28 38 85 0 0 5972 -155 589 -392 0 0 85 -393 0 0
48.423 125 INS 38 28 -85 0 0 -1285 1 21 -13
48.424 125 STATE_FILTER_STATUS 3 0
48.425 125 ALIVE 164,219,148,255,11,14,70,35,81,10,105,116,25,58,69,207
48.433 125 ENERGY 12.5 0. 0 0.
48.480 125 GPS_INT 392430403 30035970 500216211 519906353 43767903 96 96 0 0 0 0 0 0 0 15 3
48.548 125 WP_MOVED_ENU 7 -773 399 768
48.581 125 ROTORCRAFT_FP 28 38 83 0 0 -9174 -156 589 -392 0 0 83 -393 0 0
48.632 125 INS 38 28 -83 0 0 7777 -63 30 74
48.732 125 GPS_INT 392430403 30035970 500216211 519906353 43767903 96 96 0 0 0 0 0 0 0 15 3
48.773 125 ROTORCRAFT_STATUS 0 0 2 0 3 13 0 0 4 5 125 95
48.832 125 ROTORCRAFT_FP 28 38 84 0 0 2102 -156 589 -392 0 0 84 -393 0 0
48.882 125 INS 38 28 -86 0 0 -9965 13 22 52
48.899 125 DL_VALUE 35 300.
48.911 125 LINK_REPORT 125 0 49 0 36225 805 0 777. 18. 0 1.64
48.911 125 ROTORCRAFT_NAV_STATUS 3 3 0. 0. 2 1 3
49.010 125 GPS_INT 392430403 30035970 500216211 519906353 43767903 96 96 0 0 0 0 0 0 0 15 3
49.087 125 ROTORCRAFT_FP 28 38 83 0 0 -18666 -155 589 -393 0 0 83 -393 0 0
49.136 125 INS 38 28 -82 0 0 19072 7 -55 65
49.303 125 GPS_INT 392430403 30035970 500216211 519906353 43767903 96 96 0 0 0 0 0 0 0 15 3
49.338 125 ROTORCRAFT_FP 28 38 82 0 0 -13705 -155 588 -393 0 0 82 -393 0 0
49.389 125 INS 38 28 -82 0 0 13250 -68 -46 71
49.509 125 GPS_INT 392430403 30035970 500216211 519906353 43767903 96 96 0 0 0 0 0 0 0 15 3
49.600 125 ROTORCRAFT_FP 28 38 81 0 0 -13585 -155 588 -393 0 0 81 -393 0 0
49.644 125 INS 38 28 -82 0 0 1905 16 24 48
49.744 125 GPS_INT 392430403 30035970 500216211 519906353 43767903 96 96 0 0 0 0 0 0 0 15 3
49.892 125 ROTORCRAFT_FP 28 38 84 0 0 5677 -155 587 -393 0 0 84 -393 0 0
49.892 125 WP_MOVED_ENU 8 -87 826 768
49.897 125 INS 38 28 -84 0 0 -892 -66 -46 58
49.911 125 LINK_REPORT 125 0 50 0 36937 819 0 712. 14. 0 1.64
49.988 125 ROTORCRAFT_STATUS 0 0 2 0 3 13 0 0 4 5 125 96
49.998 125 GPS_INT 392430403 30035970 500216211 519906353 43767903 96 96 0 0 0 0 0 0 0 15 3
50.014 125 DL_VALUE 36 1218.
50.115 125 ROTORCRAFT_FP 28 38 85 0 0 -1975 -155 587 -394 0 0 85 -393 0 0
50.194 125 INS 38 28 -85 0 0 2271 18 24 44
50.250 125 GPS_INT 392430403 30035970 500216211 519906353 43767903 96 96 0 0 0 0 0 0 0 15 3
50.349 125 ROTORCRAFT_FP 28 38 83 0 0 -15765 -154 586 -394 0 0 83 -393 0 0
50.391 125 PONG 
50.476 125 INS 38 28 -83 0 0 9602 19 24 44
50.506 125 GPS_INT 392430403 30035970 500216211 519906353 43767903 96 96 0 0 0 0 0 0 0 15 3
50.535 125 ROTORCRAFT_NAV_STATUS 5 5 0. 0. 2 1 3
50.541 125 ALIVE 164,219,148,255,11,14,70,35,81,10,105,116,25,58,69,207
50.606 125 ROTORCRAFT_FP 28 38 83 0 0 -9276 -155 586 -394 0 0 83 -393 0 0
50.668 125 INS 38 28 -84 0 0 5662 20 23 41
50.775 125 GPS_INT 392430403 30035970 500216211 519906353 43767903 96 96 0 0 0 0 0 0 0 15 3
50.863 125 ROTORCRAFT_FP 28 38 84 0 0 -6234 -155 585 -394 0 0 84 -393 0 0
50.912 125 LINK_REPORT 125 0 51 0 37651 835 0 714. 16. 0 2.48
50.913 125 INS 38 28 -83 0 0 8663 14 -54 43
50.970 125 ENERGY 12.5 0. 0 0.
51.065 125 GPS_INT 392430403 30035970 500216211 519906353 43767903 96 96 0 0 0 0 0 0 0 15 3
51.117 125 ROTORCRAFT_FP 28 38 83 0 0 -7840 -154 585 -394 0 0 83 -393 0 0
51.134 125 DL_VALUE 37 303.
51.168 125 INS 38 28 -84 0 0 1312 -65 30 -30
51.185 125 WP_MOVED_ENU 9 824 28 768
51.207 125 ROTORCRAFT_STATUS 0 0 2 0 3 13 0 0 4 5 125 98
51.273 125 GPS_INT 392430403 30035970 500216211 519906353 43767903 96 96 0 0 0 0 0 0 0 15 3
51.373 125 ROTORCRAFT_FP 28 38 83 0 0 -4205 -154 585 -394 0 0 83 -393 0 0
51.423 125 INS 38 28 -84 0 0 894 15 -53 37
51.523 125 GPS_INT 392430403 30035970 500216211 519906353 43767903 96 96 0 0 0 0 0 0 0 15 3
51.658 125 ROTORCRAFT_FP 28 38 84 0 0 3216 -154 585 -394 0 0 84 -393 0 0
51.658 125 STATE_FILTER_STATUS 3 0
51.677 125 INS 38 28 -84 0 0 2343 -59 -44 47
51.777 125 GPS_INT 392430403 30035970 500216211 519906353 43767903 96 96 0 0 0 0 0 0 0 15 3
51.912 125 LINK_REPORT 125 0 52 0 38341 851 0 690. 16. 0 2.48
51.948 125 ROTORCRAFT_FP 28 38 85 0 0 -1830 -154 584 -395 0 0 85 -393 0 0
51.949 125 INS 38 28 -84 0 0 5661 24 26 32
52.130 125 ROTORCRAFT_FP 28 38 83 0 0 -10694 -154 584 -395 0 0 83 -393 0 0
52.238 125 ROTORCRAFT_NAV_STATUS 6 6 0. 0. 2 1 3
52.239 125 INS 38 28 -84 0 0 6609 17 -51 34
52.252 125 DL_VALUE 38 120.
52.283 125 DATALINK_REPORT 0 0 1643 758 0
52.285 125 GPS_INT 392430403 30035970 500216211 519906353 43767903 96 96 0 0 0 0 0 0 0 15 3
52.383 125 INS_REF 392430395 30035958 500216175 519906340 43767888 96 96 102701.
52.385 125 ROTORCRAFT_FP 28 38 85 0 0 4135 -153 584 -394 0 0 85 -393 0 0
52.424 125 ROTORCRAFT_STATUS 0 0 2 0 3 13 0 0 4 5 125 99
52.440 125 INS 38 28 -85 0 0 -1008 18 -51 31
52.531 125 WP_MOVED_ENU 10 -509 -796 768
52.540 125 GPS_INT 392430403 30035970 500216211 519906353 43767903 96 96 0 0 0 0 0 0 0 15 3
52.639 125 ROTORCRAFT_FP 28 38 84 0 0 -4522 -153 584 -394 0 0 84 -393 0 0
52.674 125 ALIVE 164,219,148,255,11,14,70,35,81,10,105,116,25,58,69,207
52.690 125 INS 38 28 -84 0 0 6289 18 -50 32
52.823 125 GPS_INT 392430403 30035970 500216211 519906353 43767903 96 96 0 0 0 0 0 0 0 15 3
52.899 125 ROTORCRAFT_FP 28 38 84 0 0 -4868 -153 584 -394 0 0 84 -393 0 0
52.913 125 LINK_REPORT 125 0 53 0 39165 870 0 824. 19. 0 2.48
52.950 125 INS 38 28 -84 0 0 703 25 27 28
53.171 125 GPS_INT 392430403 30035970 500216211 519906353 43767903 96 96 0 0 0 0 0 0 0 15 3
53.177 125 ROTORCRAFT_FP 28 38 83 0 0 -9404 -153 584 -394 0 0 83 -393 0 0
53.296 125 INS 38 28 -83 0 0 8198 25 27 29
53.306 125 GPS_INT 392430403 30035970 500216211 519906353 43767903 96 96 0 0 0 0 0 0 0 15 3
53.412 125 DL_VALUE 39 150.
53.414 125 ROTORCRAFT_FP 28 38 83 0 0 -9860 -153 584 -394 0 0 83 -393 0 0
53.459 125 INS 38 28 -84 0 0 4431 14 25 -50
53.706 125 ROTORCRAFT_STATUS 0 0 2 0 3 13 0 0 4 5 125 100
53.707 125 ROTORCRAFT_FP 28 38 84 0 0 -3903 -153 584 -394 0 0 84 -393 0 0
53.712 125 INS 38 28 -83 0 0 7995 -51 34 37
53.911 125 GPS_INT 392430403 30035970 500216211 519906353 43767903 96 96 0 0 0 0 0 0 0 15 3
53.912 125 WP_MOVED_ENU 11 -1351 512 768
53.913 125 LINK_REPORT 125 0 54 0 39764 883 0 599. 13. 0 2.48
53.919 125 ROTORCRAFT_FP 28 38 84 0 0 -4677 -154 584 -394 0 0 84 -393 0 0
53.999 125 INS 38 28 -83 0 0 9482 -58 -44 40
54.122 125 GPS_INT 392430403 30035970 500216211 519906353 43767903 96 96 0 0 0 0 0 0 0 15 3
54.169 125 ROTORCRAFT_FP 28 38 84 0 0 1846 -154 584 -394 0 0 84 -393 0 0
54.423 125 GPS_INT 392430403 30035970 500216211 519906353 43767903 96 96 0 0 0 0 0 0 0 15 3
54.424 125 ROTORCRAFT_FP 28 38 85 0 0 4046 -154 584 -394 0 0 85 -393 0 0
54.432 125 WIND_INFO 125 42 0. 0. 0.
54.475 125 INS 38 28 -85 0 0 138 13 24 -53
54.502 125 DL_VALUE 40 1218.
54.681 125 ROTORCRAFT_FP 28 38 85 0 0 -5221 -153 584 -393 0 0 85 -393 0 0
54.731 125 INS 38 28 -85 0 0 4116 25 26 24
54.914 125 LINK_REPORT 125 0 55 0 40281 893 0 517. 10. 0 2.48
54.984 125 INS 38 28 -84 0 0 3913 25 26 24
55.089 125 GPS_INT 392430403 30035970 500216211 519906353 43767903 96 96 0 0 0 0 0 0 0 15 3
55.339 125 GPS_INT 392430403 30035970 500216211 519906353 43767903 96 96 0 0 0 0 0 0 0 15 3
55.345 125 AUTOPILOT_VERSION 50401 v5.4.1_stable-4-ga603c8e-dirty
55.466 125 PONG 
55.467 125 ROTORCRAFT_NAV_STATUS 10 10 0. 0. 2 1 3
55.469 125 ROTORCRAFT_FP 28 38 83 0 0 -13907 -154 583 -393 0 0 83 -393 0 0
55.503 125 INS 38 28 -84 0 0 1729 19 -53 24
55.759 125 ROTORCRAFT_FP 28 38 84 0 0 -4676 -154 583 -393 0 0 84 -393 0 0
55.761 125 INS 38 28 -83 0 0 15273 26 25 23
55.852 125 GPS_INT 392430403 30035970 500216211 519906353 43767903 96 96 0 0 0 0 0 0 0 15 3
55.914 125 LINK_REPORT 125 0 56 0 40789 904 0 508. 11. 0 77.24
56.054 125 INS 38 28 -83 0 0 -2257 19 -53 22
56.062 125 ENERGY 12.5 0. 0 0.
