4.455 125 GPS_INT 0 0 0 0 0 0 0 0 0 0 0 0 0 0 0 0
4.569 125 ROTORCRAFT_STATUS 0 0 2 0 0 13 0 0 4 5 125 11
4.571 125 ROTORCRAFT_FP 0 0 0 0 0 0 0 0 0 0 0 25 0 0 0
4.613 125 INS 0 0 0 0 0 0 0 0 0
4.713 125 GPS_INT 0 0 0 0 0 0 0 0 0 0 0 0 0 0 0 0
4.913 125 ROTORCRAFT_FP 0 0 0 0 0 0 0 0 0 0 0 25 0 0 0
4.934 125 INS 0 0 0 0 0 0 0 0 0
4.969 125 GPS_INT 0 0 0 0 0 0 0 0 0 0 0 0 0 0 0 0
4.986 125 STATE_FILTER_STATUS 2 1
4.987 125 LINK_REPORT 125 0 5 0 3365 70 0 736. 16. 0 0.
5.068 125 DL_VALUE 9 0.
5.078 125 ROTORCRAFT_FP 0 0 0 0 0 0 0 0 0 0 0 25 0 0 0
5.194 125 INS 0 0 0 0 0 0 0 0 0
5.195 125 WP_MOVED_ENU 8 -87 826 256
5.234 125 GPS_INT 0 0 0 0 0 0 0 0 0 0 0 0 0 0 0 0
5.294 125 DATALINK_REPORT 0 0 174 757 0
5.330 125 ROTORCRAFT_FP 0 0 0 0 0 0 0 0 0 0 0 25 0 0 0
5.385 125 INS 0 0 0 0 0 0 0 0 0
5.386 125 INS_REF 392433159 30036171 500219722 519906340 43767889 45103 0 102939.
5.470 125 ROTORCRAFT_NAV_STATUS 10 0 0. 0. 0 2 0
5.472 125 GPS_INT 0 0 0 0 0 0 0 0 0 0 0 0 0 0 0 0
5.548 125 PONG 
5.571 125 ROTORCRAFT_FP 0 0 0 0 0 0 0 0 0 0 0 25 0 0 0
5.806 125 ENERGY 12.5 0. 0 0.
5.808 125 GPS_INT 0 0 0 0 0 0 0 0 0 0 0 0 0 0 0 0
5.809 125 ROTORCRAFT_STATUS 0 0 2 0 0 13 0 0 4 5 125 12
5.824 125 ROTORCRAFT_FP 0 0 0 0 0 0 0 0 0 0 0 25 0 0 0
5.891 125 INS 0 0 0 0 0 0 0 0 0
5.988 125 LINK_REPORT 125 0 6 0 4086 88 0 721. 18. 0 63.22
6.086 125 GPS_INT 0 0 0 0 0 0 0 0 0 0 0 0 0 0 0 0
6.121 125 ROTORCRAFT_FP 0 0 0 0 0 0 0 0 0 0 0 25 0 0 0
6.122 125 AUTOPILOT_VERSION 50401 v5.4.1_stable-4-ga603c8e-dirty
6.127 125 INS 0 0 0 0 0 0 0 0 0
6.184 125 DL_VALUE 10 -25.
6.226 125 GPS_INT 0 0 0 0 0 0 0 0 0 0 0 0 0 0 0 0
6.339 125 ALIVE 176,154,94,114,86,170,70,95,114,243,202,226,114,160,1,244
6.340 125 ROTORCRAFT_FP 0 0 0 0 0 0 0 0 0 0 0 25 0 0 0
6.382 125 INS 0 0 0 0 0 0 0 0 0
6.480 125 GPS_INT 0 0 0 0 0 0 0 0 0 0 0 0 0 0 0 0
6.606 125 ROTORCRAFT_FP 0 0 0 0 0 0 0 0 0 0 0 25 0 0 0
6.633 125 INS 0 0 0 0 0 0 0 0 0
6.778 125 GPS_INT 0 0 0 0 0 0 0 0 0 0 0 0 0 0 0 0
6.836 125 ROTORCRAFT_FP 0 0 0 0 0 0 0 0 0 0 0 25 0 0 0
6.932 125 INS 0 0 0 0 0 0 0 0 0
6.989 125 LINK_REPORT 125 0 7 0 4833 103 0 747. 15. 0 63.22
7.019 125 ROTORCRAFT_STATUS 0 0 2 0 0 13 0 0 4 5 125 14
7.020 125 GPS_INT 0 0 0 0 0 0 0 0 0 0 0 0 0 0 0 0
7.086 125 ROTORCRAFT_NAV_STATUS 12 0 0. 0. 0 2 0
7.088 125 ROTORCRAFT_FP 0 0 0 0 0 0 0 0 0 0 0 25 0 0 0
7.212 125 INS 0 0 0 0 0 0 0 0 0
7.247 125 GPS_INT 0 0 0 0 0 0 0 0 0 0 0 0 0 0 0 0
7.287 125 DL_VALUE 11 1.
7.353 125 ROTORCRAFT_FP 0 0 0 0 0 0 0 0 0 0 0 25 0 0 0
7.425 125 INS 0 0 0 0 0 0 0 0 0
7.496 125 GPS_INT 0 0 0 0 0 0 0 0 0 0 0 0 0 0 0 0
7.814 125 GPS_INT 0 0 0 0 0 0 0 0 0 0 0 0 0 0 0 0
7.815 125 WP_MOVED_ENU 10 -509 -796 256
7.862 125 ROTORCRAFT_FP 0 0 0 0 0 0 0 0 0 0 0 25 0 0 0
7.900 125 INS 0 0 0 0 0 0 0 0 0
7.989 125 LINK_REPORT 125 0 8 0 5473 117 0 640. 14. 0 63.22
8.000 125 GPS_INT 0 0 0 0 0 0 0 0 0 0 0 0 0 0 0 0
8.106 125 ROTORCRAFT_FP 0 0 0 0 0 0 0 0 0 0 0 25 0 0 0
8.157 125 INS 0 0 0 0 0 0 0 0 0
8.199 125 ROTORCRAFT_STATUS 0 0 2 0 0 13 0 0 4 5 125 15
8.208 125 STATE_FILTER_STATUS 2 1
8.209 125 ENERGY 12.5 0. 0 0.
8.256 125 GPS_INT 0 0 0 0 0 0 0 0 0 0 0 0 0 0 0 0
8.371 125 ROTORCRAFT_FP 0 0 0 0 0 0 0 0 0 0 0 25 0 0 0
8.410 125 DL_VALUE 12 3.
8.413 125 ALIVE 176,154,94,114,86,170,70,95,114,243,202,226,114,160,1,244
8.416 125 INS 0 0 0 0 0 0 0 0 0
8.512 125 GPS_INT 0 0 0 0 0 0 0 0 0 0 0 0 0 0 0 0
8.664 125 ROTORCRAFT_FP 0 0 0 0 0 0 0 0 0 0 0 25 0 0 0
8.665 125 INS 0 0 0 0 0 0 0 0 0
8.711 125 ROTORCRAFT_NAV_STATUS 13 0 0. 0. 0 2 0
8.764 125 GPS_INT 0 0 0 0 0 0 0 0 0 0 0 0 0 0 0 0
8.879 125 ROTORCRAFT_FP 0 0 0 0 0 0 0 0 0 0 0 25 0 0 0
8.973 125 INS 0 0 0 0 0 0 0 0 0
8.990 125 LINK_REPORT 125 0 9 0 6252 135 0 779. 18. 0 63.22
9.029 125 GPS_INT 0 0 0 0 0 0 0 0 0 0 0 0 0 0 0 0
9.106 125 WP_MOVED_ENU 11 -1351 512 256
9.120 125 ROTORCRAFT_FP 0 0 0 0 0 0 0 0 0 0 0 25 0 0 0
9.173 125 INS 0 0 0 0 0 0 0 0 0
9.296 125 GPS_INT 0 0 0 0 0 0 0 0 0 0 0 0 0 0 0 0
9.375 125 ROTORCRAFT_FP 0 0 0 0 0 0 0 0 0 0 0 25 0 0 0
9.419 125 ROTORCRAFT_STATUS 0 0 2 0 0 13 0 0 4 5 125 16
9.449 125 INS 0 0 0 0 0 0 0 0 0
9.575 125 DL_VALUE 13 0.
9.577 125 GPS_INT 0 0 0 0 0 0 0 0 0 0 0 0 0 0 0 0
9.627 125 ROTORCRAFT_FP 0 0 0 0 0 0 0 0 0 0 0 25 0 0 0
9.834 125 GPS_INT 0 0 0 0 0 0 0 0 0 0 0 0 0 0 0 0
9.881 125 ROTORCRAFT_FP 0 0 0 0 0 0 0 0 0 0 0 25 0 0 0
9.990 125 LINK_REPORT 125 0 10 0 6893 148 0 641. 13. 0 63.22
10.019 125 INS 0 0 0 0 0 0 0 0 0
10.168 125 GPS_INT 0 0 0 0 0 0 0 0 0 0 0 0 0 0 0 0
10.184 125 ROTORCRAFT_FP 0 0 0 0 0 0 0 0 0 0 0 25 0 0 0
10.209 125 INS 0 0 0 0 0 0 0 0 0
10.320 125 GPS_INT 0 0 0 0 0 0 0 0 0 0 0 0 0 0 0 0
10.340 125 ROTORCRAFT_NAV_STATUS 15 0 0. 0. 0 2 0
10.482 125 ROTORCRAFT_FP 0 0 0 0 0 0 0 0 0 0 0 25 0 0 0
10.492 125 WP_MOVED_ENU 12 35 1338 256
10.518 125 INS 0 0 0 0 0 0 0 0 0
10.527 125 DATALINK_REPORT 0 0 261 775 0
10.539 125 PONG 
10.548 125 ALIVE 176,154,94,114,86,170,70,95,114,243,202,226,114,160,1,244
10.558 125 GPS_INT 0 0 0 0 0 0 0 0 0 0 0 0 0 0 0 0
10.559 125 INS_REF 392433159 30036171 500219722 519906340 43767889 45103 0 102939.
10.707 125 INS 0 0 0 0 0 0 0 0 0
10.752 125 ENERGY 12.5 0. 0 0.
10.808 125 GPS_INT 0 0 0 0 0 0 0 0 0 0 0 0 0 0 0 0
10.906 125 ROTORCRAFT_FP 0 0 0 0 0 0 0 0 0 0 0 25 0 0 0
10.990 125 LINK_REPORT 125 0 11 0 7643 166 0 750. 18. 0 53.88
11.089 125 INS 0 0 0 0 0 0 0 0 0
11.100 125 GPS_INT 0 0 0 0 0 0 0 0 0 0 0 0 0 0 0 0
11.163 125 ROTORCRAFT_FP 0 0 0 0 0 0 0 0 0 0 0 25 0 0 0
11.217 125 INS 0 0 0 0 0 0 0 0 0
11.375 125 GPS_INT 0 0 0 0 0 0 0 0 0 0 0 0 0 0 0 0
11.412 125 ROTORCRAFT_FP 0 0 0 0 0 0 0 0 0 0 0 25 0 0 0
11.460 125 STATE_FILTER_STATUS 2 1
11.462 125 INS 0 0 0 0 0 0 0 0 0
11.600 125 GPS_INT 0 0 0 0 0 0 0 0 0 0 0 0 0 0 0 0
11.659 125 ROTORCRAFT_FP 0 0 0 0 0 0 0 0 0 0 0 25 0 0 0
11.709 125 INS 0 0 0 0 0 0 0 0 0
11.747 125 WP_MOVED_ENU 0 10956 10549 256
11.754 125 DL_VALUE 15 1.169371
11.809 125 GPS_INT 0 0 0 0 0 0 0 0 0 0 0 0 0 0 0 0
11.992 125 LINK_REPORT 125 0 12 0 8290 180 0 647. 14. 0 53.88
12.013 125 ROTORCRAFT_STATUS 0 0 2 0 0 13 0 0 4 5 125 18
12.014 125 ROTORCRAFT_FP 0 0 0 0 0 0 0 0 0 0 0 25 0 0 0
12.022 125 ROTORCRAFT_NAV_STATUS 16 0 0. 0. 0 2 0
12.023 125 INS 0 0 0 0 0 0 0 0 0
12.070 125 GPS_INT 0 0 0 0 0 0 0 0 0 0 0 0 0 0 0 0
12.240 125 ROTORCRAFT_FP 0 0 0 0 0 0 0 0 0 0 0 25 0 0 0
12.240 125 INS 0 0 0 0 0 0 0 0 0
12.335 125 GPS_INT 0 0 0 0 0 0 0 0 0 0 0 0 0 0 0 0
12.449 125 ROTORCRAFT_FP 0 0 0 0 0 0 0 0 0 0 0 25 0 0 0
12.515 125 INS 0 0 0 0 0 0 0 0 0
12.571 125 GPS_INT 0 0 0 0 0 0 0 0 0 0 0 0 0 0 0 0
12.701 125 ALIVE 176,154,94,114,86,170,70,95,114,243,202,226,114,160,1,244
12.748 125 ROTORCRAFT_FP 0 0 0 0 0 0 0 0 0 0 0 25 0 0 0
12.846 125 INS 0 0 0 0 0 0 0 0 0
12.871 125 GPS_INT 0 0 0 0 0 0 0 0 0 0 0 0 0 0 0 0
12.890 125 DL_VALUE 16 0.85
12.952 125 ROTORCRAFT_FP 0 0 0 0 0 0 0 0 0 0 0 25 0 0 0
12.992 125 LINK_REPORT 125 0 13 0 9104 197 0 814. 17. 0 53.88
12.996 125 INS 0 0 0 0 0 0 0 0 0
13.117 125 WP_MOVED_ENU 1 0 0 256
13.118 125 ROTORCRAFT_STATUS 0 0 2 0 0 13 0 0 4 5 125 20
13.128 125 GPS_INT 0 0 0 0 0 0 0 0 0 0 0 0 0 0 0 0
13.233 125 ROTORCRAFT_FP 0 0 0 0 0 0 0 0 0 0 0 25 0 0 0
13.267 125 INS 0 0 0 0 0 0 0 0 0
13.312 125 ENERGY 12.5 0. 0 0.
13.463 125 GPS_INT 0 0 0 0 0 0 0 0 0 0 0 0 0 0 0 0
13.466 125 ROTORCRAFT_FP 0 0 0 0 0 0 0 0 0 0 0 25 0 0 0
13.494 125 INS 0 0 0 0 0 0 0 0 0
13.617 125 GPS_INT 0 0 0 0 0 0 0 0 0 0 0 0 0 0 0 0
13.701 125 ROTORCRAFT_FP 0 0 0 0 0 0 0 0 0 0 0 25 0 0 0
13.764 125 INS 0 0 0 0 0 0 0 0 0
13.856 125 GPS_INT 0 0 0 0 0 0 0 0 0 0 0 0 0 0 0 0
13.993 125 LINK_REPORT 125 0 14 0 9774 211 0 670. 14. 0 53.88
14.093 125 ROTORCRAFT_FP 0 0 0 0 0 0 0 0 0 0 0 25 0 0 0
14.102 125 DL_VALUE 17 116.
14.121 125 INS 0 0 0 0 0 0 0 0 0
14.131 125 GPS_INT 0 0 0 0 0 0 0 0 0 0 0 0 0 0 0 0
14.249 125 ROTORCRAFT_FP 0 0 0 0 0 0 0 0 0 0 0 25 0 0 0
14.268 125 INS 0 0 0 0 0 0 0 0 0
14.320 125 ROTORCRAFT_STATUS 0 0 2 0 0 13 0 0 4 5 125 21
14.391 125 GPS_INT 0 0 0 0 0 0 0 0 0 0 0 0 0 0 0 0
14.408 125 WP_MOVED_ENU 2 23 1280 256
14.472 125 ROTORCRAFT_FP 0 0 0 0 0 0 0 0 0 0 0 25 0 0 0
14.559 125 INS 0 0 0 0 0 0 0 0 0
14.610 125 GPS_INT 0 0 0 0 0 0 0 0 0 0 0 0 0 0 0 0
14.740 125 STATE_FILTER_STATUS 2 1
14.741 125 ROTORCRAFT_FP 0 0 0 0 0 0 0 0 0 0 0 25 0 0 0
14.770 125 INS 0 0 0 0 0 0 0 0 0
14.843 125 ALIVE 176,154,94,114,86,170,70,95,114,243,202,226,114,160,1,244
14.870 125 GPS_INT 0 0 0 0 0 0 0 0 0 0 0 0 0 0 0 0
14.966 125 ROTORCRAFT_FP 0 0 0 0 0 0 0 0 0 0 0 25 0 0 0
14.993 125 LINK_REPORT 125 0 15 0 10595 229 0 821. 18. 0 53.88
15.030 125 WIND_INFO 125 42 0. 0. 0.
15.053 125 INS 0 0 0 0 0 0 0 0 0
15.173 125 DL_VALUE 18 60.
15.174 125 GPS_INT 0 0 0 0 0 0 0 0 0 0 0 0 0 0 0 0
15.254 125 ROTORCRAFT_NAV_STATUS 20 0 0. 0. 0 2 0
15.278 125 ROTORCRAFT_FP 0 0 0 0 0 0 0 0 0 0 0 25 0 0 0
15.303 125 INS 0 0 0 0 0 0 0 0 0
15.508 125 GPS_INT 0 0 0 0 0 0 0 0 0 0 0 0 0 0 0 0
15.518 125 ROTORCRAFT_FP 0 0 0 0 0 0 0 0 0 0 0 25 0 0 0
15.526 125 ROTORCRAFT_STATUS 0 0 2 0 0 13 0 0 4 5 125 22
15.552 125 INS 0 0 0 0 0 0 0 0 0
15.565 125 PONG 
15.620 125 GPS_INT 0 0 0 0 0 0 0 0 0 0 0 0 0 0 0 0
15.809 125 WP_MOVED_ENU 3 -535 -1269 256
15.836 125 ROTORCRAFT_FP 0 0 0 0 0 0 0 0 0 0 0 25 0 0 0
15.865 125 INS_REF 392433159 30036171 500219722 519906340 43767889 45103 0 102939.
15.892 125 INS 0 0 0 0 0 0 0 0 0
15.901 125 ENERGY 12.5 0. 0 0.
15.904 125 GPS_INT 0 0 0 0 0 0 0 0 0 0 0 0 0 0 0 0
15.994 125 LINK_REPORT 125 0 16 0 11341 247 0 746. 18. 0 79.11
16.032 125 ROTORCRAFT_FP 0 0 0 0 0 0 0 0 0 0 0 25 0 0 0
16.061 125 INS 0 0 0 0 0 0 0 0 0
16.158 125 GPS_INT 0 0 0 0 0 0 0 0 0 0 0 0 0 0 0 0
16.249 125 DL_VALUE 19 30.
16.284 125 ROTORCRAFT_FP 0 0 0 0 0 0 0 0 0 0 0 25 0 0 0
16.379 125 INS 0 0 0 0 0 0 0 0 0
16.390 125 GPS_INT 0 0 0 0 0 0 0 0 0 0 0 0 0 0 0 0
16.558 125 ROTORCRAFT_FP 0 0 0 0 0 0 0 0 0 0 0 25 0 0 0
16.598 125 INS 0 0 0 0 0 0 0 0 0
16.637 125 GPS_INT 0 0 0 0 0 0 0 0 0 0 0 0 0 0 0 0
16.733 125 ROTORCRAFT_STATUS 0 0 2 0 0 13 0 0 4 5 125 23
16.742 125 ROTORCRAFT_FP 0 0 0 0 0 0 0 0 0 0 0 25 0 0 0
16.787 125 INS 0 0 0 0 0 0 0 0 0
16.968 125 ROTORCRAFT_NAV_STATUS 21 0 0. 0. 0 2 0
16.974 125 GPS_INT 0 0 0 0 0 0 0 0 0 0 0 0 0 0 0 0
16.994 125 LINK_REPORT 125 0 17 0 12068 262 0 727. 15. 0 79.11
17.011 125 ALIVE 176,154,94,114,86,170,70,95,114,243,202,226,114,160,1,244
17.023 125 ROTORCRAFT_FP 0 0 0 0 0 0 0 0 0 0 0 25 0 0 0
17.040 125 WP_MOVED_ENU 4 1379 -2818 256
17.059 125 INS 0 0 0 0 0 0 0 0 0
17.283 125 GPS_INT 0 0 0 0 0 0 0 0 0 0 0 0 0 0 0 0
17.293 125 ROTORCRAFT_FP 0 0 0 0 0 0 0 0 0 0 0 25 0 0 0
17.302 125 INS 0 0 0 0 0 0 0 0 0
17.337 125 DL_VALUE 20 0.
17.354 125 AUTOPILOT_VERSION 50401 v5.4.1_stable-4-ga603c8e-dirty
17.418 125 GPS_INT 0 0 0 0 0 0 0 0 0 0 0 0 0 0 0 0
17.565 125 ROTORCRAFT_FP 0 0 0 0 0 0 0 0 0 0 0 25 0 0 0
17.566 125 INS 0 0 0 0 0 0 0 0 0
17.647 125 GPS_INT 0 0 0 0 0 0 0 0 0 0 0 0 0 0 0 0
17.995 125 LINK_REPORT 125 0 18 0 12666 275 0 598. 13. 0 79.11
18.067 125 ROTORCRAFT_FP 0 0 0 0 0 0 0 0 0 0 0 25 0 0 0
18.112 125 INS 0 0 0 0 0 0 0 0 0
18.248 125 ROTORCRAFT_FP 0 0 0 0 0 0 0 0 0 0 0 25 0 0 0
18.249 125 INS 0 0 0 0 0 0 0 0 0
18.275 125 GPS_INT 0 0 0 0 0 0 0 0 0 0 0 0 0 0 0 0
18.276 125 ROTORCRAFT_FP 0 0 0 0 0 0 0 0 0 0 0 25 0 0 0
18.574 125 INS 0 0 0 0 0 0 0 0 0
18.575 125 WP_MOVED_ENU 5 317 143 256
18.576 125 ENERGY 12.5 0. 0 0.
18.578 125 GPS_INT 0 0 0 0 0 0 0 0 0 0 0 0 0 0 0 0
18.579 125 DL_VALUE 21 62.
18.580 125 ROTORCRAFT_NAV_STATUS 23 0 0. 0. 0 2 0
18.617 125 ROTORCRAFT_FP 0 0 0 0 0 0 0 0 0 0 0 25 0 0 0
18.618 125 INS 0 0 0 0 0 0 0 0 0
18.672 125 GPS_INT 0 0 0 0 0 0 0 0 0 0 0 0 0 0 0 0
18.824 125 ROTORCRAFT_FP 0 0 0 0 0 0 0 0 0 0 0 25 0 0 0
18.859 125 INS 0 0 0 0 0 0 0 0 0
18.995 125 LINK_REPORT 125 0 19 0 13453 292 0 787. 17. 0 79.11
19.021 125 GPS_INT 0 0 0 0 0 0 0 0 0 0 0 0 0 0 0 0
19.046 125 ROTORCRAFT_FP 0 0 0 0 0 0 0 0 0 0 0 25 0 0 0
19.082 125 ALIVE 176,154,94,114,86,170,70,95,114,243,202,226,114,160,1,244
19.099 125 INS 0 0 0 0 0 0 0 0 0
19.182 125 ROTORCRAFT_STATUS 0 0 2 0 0 13 0 0 4 5 125 26
19.326 125 GPS_INT 0 0 0 0 0 0 0 0 0 0 0 0 0 0 0 0
19.346 125 ROTORCRAFT_FP 0 0 0 0 0 0 0 0 0 0 0 25 0 0 0
19.372 125 INS 0 0 0 0 0 0 0 0 0
19.453 125 GPS_INT 0 0 0 0 0 0 0 0 0 0 0 0 0 0 0 0
19.577 125 ROTORCRAFT_FP 0 0 0 0 0 0 0 0 0 0 0 25 0 0 0
19.577 125 DL_VALUE 22 0.
19.579 125 INS 0 0 0 0 0 0 0 0 0
19.659 125 WP_MOVED_ENU 6 -386 -284 256
19.679 125 GPS_INT 0 0 0 0 0 0 0 0 0 0 0 0 0 0 0 0
19.892 125 ROTORCRAFT_FP 0 0 0 0 0 0 0 0 0 0 0 25 0 0 0
19.917 125 INS 0 0 0 0 0 0 0 0 0
19.935 125 GPS_INT 0 0 0 0 0 0 0 0 0 0 0 0 0 0 0 0
19.995 125 LINK_REPORT 125 0 20 0 14263 309 0 810. 17. 0 79.11
20.075 125 ROTORCRAFT_FP 0 0 0 0 0 0 0 0 0 0 0 25 0 0 0
20.192 125 ROTORCRAFT_NAV_STATUS 24 0 0. 0. 0 2 0
20.200 125 INS 0 0 0 0 0 0 0 0 0
20.218 125 GPS_INT 0 0 0 0 0 0 0 0 0 0 0 0 0 0 0 0
20.351 125 ROTORCRAFT_FP 0 0 0 0 0 0 0 0 0 0 0 25 0 0 0
20.443 125 INS 0 0 0 0 0 0 0 0 0
20.477 125 ROTORCRAFT_STATUS 0 0 2 0 0 13 0 0 4 5 125 27
20.477 125 GPS_INT 0 0 0 0 0 0 0 0 0 0 0 0 0 0 0 0
20.500 125 PONG 
20.544 125 ROTORCRAFT_FP 0 0 0 0 0 0 0 0 0 0 0 25 0 0 0
20.592 125 INS 0 0 0 0 0 0 0 0 0
20.694 125 DL_VALUE 23 0.
20.702 125 GPS_INT 0 0 0 0 0 0 0 0 0 0 0 0 0 0 0 0
20.831 125 ROTORCRAFT_FP 0 0 0 0 0 0 0 0 0 0 0 25 0 0 0
20.839 125 DATALINK_REPORT 0 0 435 765 0
20.857 125 INS 0 0 0 0 0 0 0 0 0
20.922 125 INS_REF 392433159 30036171 500219722 519906340 43767889 45103 0 102939.
20.939 125 ENERGY 12.6 0. 0 0.
20.996 125 LINK_REPORT 125 0 21 0 15007 327 0 744. 18. 0 13.52
21.028 125 GPS_INT 0 0 0 0 0 0 0 0 0 0 0 0 0 0 0 0
21.039 125 WP_MOVED_ENU 7 -773 399 256
21.056 125 ROTORCRAFT_FP 0 0 0 0 0 0 0 0 0 0 0 25 0 0 0
21.201 125 INS 0 0 0 0 0 0 0 0 0
21.306 125 STATE_FILTER_STATUS 2 1
21.340 125 ALIVE 176,154,94,114,86,170,70,95,114,243,202,226,114,160,1,244
21.342 125 GPS_INT 0 0 0 0 0 0 0 0 0 0 0 0 0 0 0 0
21.562 125 ROTORCRAFT_FP 0 0 0 0 0 0 0 0 0 0 0 25 0 0 0
21.563 125 INS 0 0 0 0 0 0 0 0 0
21.565 125 GPS_INT 0 0 0 0 0 0 0 0 0 0 0 0 0 0 0 0
21.673 125 ROTORCRAFT_FP 0 0 0 0 0 0 0 0 0 0 0 25 0 0 0
21.699 125 ROTORCRAFT_STATUS 0 0 2 0 0 13 0 0 4 5 125 28
21.701 125 INS 0 0 0 0 0 0 0 0 0
21.920 125 DL_VALUE 24 0.1
21.997 125 LINK_REPORT 125 0 22 0 15596 341 0 589. 14. 0 13.52
22.008 125 ROTORCRAFT_FP 0 0 0 0 0 0 0 0 0 0 0 25 0 0 0
22.070 125 INS 0 0 0 0 0 0 0 0 0
22.089 125 GPS_INT 0 0 0 0 0 0 0 0 0 0 0 0 0 0 0 0
22.097 125 ROTORCRAFT_FP 0 0 0 0 0 0 0 0 0 0 0 25 0 0 0
22.317 125 WP_MOVED_ENU 8 -87 826 256
22.337 125 ROTORCRAFT_FP 0 0 0 0 0 0 0 0 0 0 0 25 0 0 0
22.407 125 INS 0 0 0 0 0 0 0 0 0
22.628 125 ROTORCRAFT_FP 0 0 0 0 0 0 0 0 0 0 0 25 0 0 0
22.944 125 GPS_INT 0 0 0 0 0 0 0 0 0 0 0 0 0 0 0 0
22.952 125 ROTORCRAFT_STATUS 0 0 2 0 0 13 0 0 4 5 125 29
22.962 125 INS 0 0 0 0 0 0 0 0 0
22.971 125 ROTORCRAFT_FP 0 0 0 0 0 0 0 0 0 0 0 25 0 0 0
22.997 125 DL_VALUE 25 0.
22.997 125 LINK_REPORT 125 0 23 0 16219 354 0 623. 13. 0 13.52
23.006 125 GPS_INT 0 0 0 0 0 0 0 0 0 0 0 0 0 0 0 0
23.159 125 ROTORCRAFT_FP 0 0 0 0 0 0 0 0 0 0 0 25 0 0 0
23.188 125 INS 0 0 0 0 0 0 0 0 0
23.241 125 GPS_INT 0 0 0 0 0 0 0 0 0 0 0 0 0 0 0 0
23.564 125 INS 0 0 0 0 0 0 0 0 0
23.565 125 ENERGY 12.5 0. 0 0.
23.566 125 GPS_INT 0 0 0 0 0 0 0 0 0 0 0 0 0 0 0 0
23.633 125 ROTORCRAFT_FP 0 0 0 0 0 0 0 0 0 0 0 25 0 0 0
23.643 125 WP_MOVED_ENU 9 824 28 256
23.660 125 INS 0 0 0 0 0 0 0 0 0
23.749 125 GPS_INT 0 0 0 0 0 0 0 0 0 0 0 0 0 0 0 0
23.856 125 ROTORCRAFT_FP 0 0 0 0 0 0 0 0 0 0 0 25 0 0 0
23.996 125 INS 0 0 0 0 0 0 0 0 0
23.998 125 LINK_REPORT 125 0 24 0 16866 367 0 647. 13. 0 13.52
24.013 125 GPS_INT 0 0 0 0 0 0 0 0 0 0 0 0 0 0 0 0
24.031 125 ROTORCRAFT_STATUS 0 0 2 0 0 13 0 0 4 5 125 30
24.057 125 DL_VALUE 26 5.
24.173 125 ROTORCRAFT_FP 0 0 0 0 0 0 0 0 0 0 0 25 0 0 0
24.274 125 INS 0 0 0 0 0 0 0 0 0
24.507 125 GPS_INT 0 0 0 0 0 0 0 0 0 0 0 0 0 0 0 0
24.572 125 STATE_FILTER_STATUS 2 1
24.624 125 ROTORCRAFT_FP 0 0 0 0 0 0 0 0 0 0 0 25 0 0 0
24.655 125 INS 0 0 0 0 0 0 0 0 0
24.981 125 ROTORCRAFT_FP 0 0 0 0 0 0 0 0 0 0 0 25 0 0 0
24.999 125 LINK_REPORT 125 0 25 0 17309 377 0 443. 10. 0 13.52
25.005 125 GPS_INT 0 0 0 0 0 0 0 0 0 0 0 0 0 0 0 0
25.024 125 INS 0 0 0 0 0 0 0 0 0
25.030 125 WIND_INFO 125 42 0. 0. 0.
25.032 125 WP_MOVED_ENU 10 -509 -796 256
25.041 125 ROTORCRAFT_NAV_STATUS 29 0 0. 0. 0 2 0
25.096 125 GPS_INT 0 0 0 0 0 0 0 0 0 0 0 0 0 0 0 0
25.435 125 ROTORCRAFT_FP 0 0 0 0 0 0 0 0 0 0 0 25 0 0 0
25.459 125 DL_VALUE 27 400.
25.468 125 INS 0 0 0 0 0 0 0 0 0
25.484 125 ROTORCRAFT_STATUS 0 0 2 0 0 13 0 0 4 5 125 32
25.484 125 GPS_INT 0 0 0 0 0 0 0 0 0 0 0 0 0 0 0 0
25.700 125 ROTORCRAFT_FP 0 0 0 0 0 0 0 0 0 0 0 25 0 0 0
25.710 125 INS 0 0 0 0 0 0 0 0 0
25.718 125 ALIVE 176,154,94,114,86,170,70,95,114,243,202,226,114,160,1,244
25.745 125 GPS_INT 0 0 0 0 0 0 0 0 0 0 0 0 0 0 0 0
25.761 125 PONG 
25.999 125 LINK_REPORT 125 0 26 0 17914 392 0 605. 15. 0 273.95
26.041 125 ROTORCRAFT_FP 0 0 0 0 0 0 0 0 0 0 0 25 0 0 0
26.049 125 INS 0 0 0 0 0 0 0 0 0
26.066 125 GPS_INT 0 0 0 0 0 0 0 0 0 0 0 0 0 0 0 0
26.349 125 ROTORCRAFT_FP 0 0 0 0 0 0 0 0 0 0 0 25 0 0 0
26.357 125 INS 0 0 0 0 0 0 0 0 0
26.365 125 DATALINK_REPORT 0 0 521 749 0
26.391 125 ENERGY 12.5 0. 0 0.
26.400 125 GPS_INT 0 0 0 0 0 0 0 0 0 0 0 0 0 0 0 0
26.514 125 INS_REF 392433159 30036171 500219722 519906340 43767889 45103 0 102939.
26.531 125 ROTORCRAFT_FP 0 0 0 0 0 0 0 0 0 0 0 25 0 0 0
26.732 125 INS 0 0 0 0 0 0 0 0 0
26.749 125 WP_MOVED_ENU 11 -1351 512 256
26.767 125 DL_VALUE 28 400.
26.785 125 GPS_INT 0 0 0 0 0 0 0 0 0 0 0 0 0 0 0 0
26.793 125 ROTORCRAFT_FP 0 0 0 0 0 0 0 0 0 0 0 25 0 0 0
26.801 125 INS 0 0 0 0 0 0 0 0 0
27.000 125 LINK_REPORT 125 0 27 0 18627 408 0 713. 16. 0 273.95
27.031 125 ROTORCRAFT_STATUS 0 0 2 0 0 13 0 0 4 5 125 33
27.049 125 GPS_INT 0 0 0 0 0 0 0 0 0 0 0 0 0 0 0 0
27.074 125 ROTORCRAFT_NAV_STATUS 31 0 0. 0. 0 2 0
27.083 125 ROTORCRAFT_FP 0 0 0 0 0 0 0 0 0 0 0 25 0 0 0
27.100 125 INS 0 0 0 0 0 0 0 0 0
27.307 125 GPS_INT 0 0 0 0 0 0 0 0 0 0 0 0 0 0 0 0
27.308 125 ROTORCRAFT_FP 0 0 0 0 0 0 0 0 0 0 0 25 0 0 0
27.335 125 INS 0 0 0 0 0 0 0 0 0
27.354 125 GPS_INT 0 0 0 0 0 0 0 0 0 0 0 0 0 0 0 0
27.632 125 DL_VALUE 29 350.
27.633 125 ROTORCRAFT_FP 0 0 0 0 0 0 0 0 0 0 0 25 0 0 0
27.634 125 INS 0 0 0 0 0 0 0 0 0
27.635 125 GPS_INT 0 0 0 0 0 0 0 0 0 0 0 0 0 0 0 0
27.731 125 ROTORCRAFT_FP 0 0 0 0 0 0 0 0 0 0 0 25 0 0 0
27.732 125 ROTORCRAFT_STATUS 0 0 2 0 0 13 0 0 4 5 125 34
27.838 125 STATE_FILTER_STATUS 2 2
27.855 125 INS 0 0 0 0 0 0 0 0 0
27.990 125 GPS_INT 0 0 0 0 0 0 0 0 0 0 0 0 0 0 0 0
28.000 125 LINK_REPORT 125 0 28 0 19448 426 0 821. 18. 0 273.95
28.050 125 ROTORCRAFT_FP 0 0 0 0 0 0 0 0 0 0 0 25 0 0 0
28.353 125 INS 0 0 0 0 0 0 0 0 0
28.486 125 GPS_INT 0 0 0 0 0 0 0 0 0 0 0 0 0 0 0 0
28.508 125 ROTORCRAFT_FP 0 0 0 0 0 0 0 0 0 0 0 25 0 0 0
28.516 125 ROTORCRAFT_NAV_STATUS 32 0 0. 0. 0 2 0
28.697 125 INS 0 0 0 0 0 0 0 0 0
28.700 125 GPS_INT 0 0 0 0 0 0 0 0 0 0 0 0 0 0 0 0
28.702 125 ROTORCRAFT_FP 0 0 0 0 0 0 0 0 0 0 0 25 0 0 0
28.703 125 INS 0 0 0 0 0 0 0 0 0
28.704 125 DL_VALUE 30 75.
29.001 125 LINK_REPORT 125 0 29 0 19922 436 0 474. 10. 0 273.95
29.389 125 ROTORCRAFT_FP 0 0 0 0 0 0 0 0 0 0 0 25 0 0 0
29.390 125 GPS_INT 0 0 0 0 0 0 0 0 0 0 0 0 0 0 0 0
29.710 125 ROTORCRAFT_FP 0 0 0 0 0 0 0 0 0 0 0 25 0 0 0
29.761 125 INS 0 0 0 0 0 0 0 0 0
29.779 125 GPS_INT 0 0 0 0 0 0 0 0 0 0 0 0 0 0 0 0
30.002 125 LINK_REPORT 125 0 30 0 20216 441 0 294. 5. 0 273.95
30.031 125 ROTORCRAFT_FP 0 0 0 0 0 0 0 0 0 0 0 25 0 0 0
30.056 125 INS 0 0 0 0 0 0 0 0 0
30.065 125 GPS_INT 0 0 0 0 0 0 0 0 0 0 0 0 0 0 0 0
30.082 125 DL_VALUE 31 75.
30.322 125 ROTORCRAFT_FP 0 0 0 0 0 0 0 0 0 0 0 25 0 0 0
30.339 125 ALIVE 176,154,94,114,86,170,70,95,114,243,202,226,114,160,1,244
30.365 125 INS 0 0 0 0 0 0 0 0 0
30.373 125 ROTORCRAFT_NAV_STATUS 34 0 0. 0. 0 2 0
30.390 125 GPS_INT 0 0 0 0 0 0 0 0 0 0 0 0 0 0 0 0
30.520 125 ROTORCRAFT_FP 0 0 0 0 0 0 0 0 0 0 0 25 0 0 0
30.713 125 INS 0 0 0 0 0 0 0 0 0
30.721 125 GPS_INT 0 0 0 0 0 0 0 0 0 0 0 0 0 0 0 0
30.731 125 ROTORCRAFT_STATUS 0 0 2 0 0 13 0 0 4 5 125 36
30.732 125 ROTORCRAFT_FP 0 0 0 0 0 0 0 0 0 0 0 25 0 0 0
30.741 125 WP_MOVED_ENU 1 0 0 256
30.750 125 INS 0 0 0 0 0 0 0 0 0
30.971 125 GPS_INT 0 0 0 0 0 0 0 0 0 0 0 0 0 0 0 0
30.980 125 PONG 
30.997 125 ROTORCRAFT_FP 0 0 0 0 0 0 0 0 0 0 0 25 0 0 0
31.002 125 LINK_REPORT 125 0 31 0 21055 460 0 839. 19. 0 492.23
31.005 125 INS 0 0 0 0 0 0 0 0 0
31.153 125 GPS_INT 0 0 0 0 0 0 0 0 0 0 0 0 0 0 0 0
31.162 125 ROTORCRAFT_FP 0 0 0 0 0 0 0 0 0 0 0 25 0 0 0
31.172 125 DL_VALUE 32 50.
31.189 125 INS 0 0 0 0 0 0 0 0 0
31.442 125 GPS_INT 0 0 0 0 0 0 0 0 0 0 0 0 0 0 0 0
31.459 125 STATE_FILTER_STATUS 2 2
31.494 125 ROTORCRAFT_FP 0 0 0 0 0 0 0 0 0 0 0 25 0 0 0
31.510 125 INS 0 0 0 0 0 0 0 0 0
31.518 125 ENERGY 12.5 0. 0 0.
31.562 125 GPS_INT 0 0 0 0 0 0 0 0 0 0 0 0 0 0 0 0
31.647 125 DATALINK_REPORT 0 0 609 770 0
31.656 125 ROTORCRAFT_FP 0 0 0 0 0 0 0 0 0 0 0 25 0 0 0
31.664 125 INS 0 0 0 0 0 0 0 0 0
31.682 125 INS_REF 392433159 30036171 500219722 519906340 43767889 45103 0 102939.
31.701 125 ROTORCRAFT_STATUS 0 0 2 0 0 13 0 0 4 5 125 38
31.710 125 GPS_INT 0 0 0 0 0 0 0 0 0 0 0 0 0 0 0 0
31.940 125 ROTORCRAFT_NAV_STATUS 36 0 0. 0. 0 2 0
32.003 125 LINK_REPORT 125 0 32 0 21800 478 0 745. 18. 0 492.23
32.195 125 ROTORCRAFT_FP 0 0 0 0 0 0 0 0 0 0 0 25 0 0 0
32.229 125 INS 0 0 0 0 0 0 0 0 0
32.249 125 WP_MOVED_ENU 2 23 1280 256
32.258 125 GPS_INT 0 0 0 0 0 0 0 0 0 0 0 0 0 0 0 0
32.267 125 ROTORCRAFT_FP 0 0 0 0 0 0 0 0 0 0 0 25 0 0 0
32.548 125 INS 0 0 0 0 0 0 0 0 0
32.556 125 DL_VALUE 33 300.
32.557 125 ALIVE 176,154,94,114,86,170,70,95,114,243,202,226,114,160,1,244
32.559 125 GPS_INT 0 0 0 0 0 0 0 0 0 0 0 0 0 0 0 0
32.560 125 ROTORCRAFT_FP 0 0 0 0 0 0 0 0 0 0 0 25 0 0 0
32.561 125 INS 0 0 0 0 0 0 0 0 0
32.618 125 GPS_INT 0 0 0 0 0 0 0 0 0 0 0 0 0 0 0 0
32.620 125 ROTORCRAFT_FP 0 0 0 0 0 0 0 0 0 0 0 25 0 0 0
32.621 125 INS 0 0 0 0 0 0 0 0 0
32.815 125 GPS_INT 0 0 0 0 0 0 0 0 0 0 0 0 0 0 0 0
32.824 125 ROTORCRAFT_FP 0 0 0 0 0 0 0 0 0 0 0 25 0 0 0
32.841 125 INS 0 0 0 0 0 0 0 0 0
32.842 125 ROTORCRAFT_STATUS 0 0 2 0 0 13 0 0 4 5 125 39
32.959 125 GPS_INT 0 0 0 0 0 0 0 0 0 0 0 0 0 0 0 0
33.004 125 LINK_REPORT 125 0 33 0 22716 497 0 916. 19. 0 492.23
33.047 125 ROTORCRAFT_FP 0 0 0 0 0 0 0 0 0 0 0 25 0 0 0
33.093 125 INS 0 0 0 0 0 0 0 0 0
33.101 125 WP_MOVED_ENU 3 -535 -1269 256
33.118 125 GPS_INT 0 0 0 0 0 0 0 0 0 0 0 0 0 0 0 0
33.383 125 DL_VALUE 34 300.
33.411 125 ROTORCRAFT_FP 0 0 0 0 0 0 0 0 0 0 0 25 0 0 0
33.412 125 INS 0 0 0 0 0 0 0 0 0
33.413 125 ROTORCRAFT_NAV_STATUS 37 0 0. 0. 0 2 0
33.433 125 GPS_INT 0 0 0 0 0 0 0 0 0 0 0 0 0 0 0 0
33.600 125 ROTORCRAFT_FP 0 0 0 0 0 0 0 0 0 0 0 25 0 0 0
33.601 125 INS 0 0 0 0 0 0 0 0 0
33.602 125 GPS_INT 0 0 0 0 0 0 0 0 0 0 0 0 0 0 0 0
33.658 125 ROTORCRAFT_FP 0 0 0 0 0 0 0 0 0 0 0 25 0 0 0
33.679 125 INS 0 0 0 0 0 0 0 0 0
33.689 125 ENERGY 12.5 0. 0 0.
33.733 125 GPS_INT 0 0 0 0 0 0 0 0 0 0 0 0 0 0 0 0
33.824 125 ROTORCRAFT_FP 0 0 0 0 0 0 0 0 0 0 0 25 0 0 0
33.850 125 ROTORCRAFT_STATUS 0 0 2 0 0 13 0 0 4 5 125 40
33.995 125 INS 0 0 0 0 0 0 0 0 0
34.005 125 LINK_REPORT 125 0 34 0 23588 516 0 872. 19. 0 492.23
34.023 125 GPS_INT 0 0 0 0 0 0 0 0 0 0 0 0 0 0 0 0
34.104 125 ROTORCRAFT_FP 0 0 0 0 0 0 0 0 0 0 0 25 0 0 0
34.112 125 INS 0 0 0 0 0 0 0 0 0
34.239 125 DL_VALUE 35 300.
34.290 125 GPS_INT 0 0 0 0 0 0 0 0 0 0 0 0 0 0 0 0
34.292 125 WP_MOVED_ENU 4 1379 -2818 256
34.311 125 STATE_FILTER_STATUS 2 2
34.321 125 ROTORCRAFT_FP 0 0 0 0 0 0 0 0 0 0 0 25 0 0 0
34.364 125 INS 0 0 0 0 0 0 0 0 0
34.559 125 GPS_INT 0 0 0 0 0 0 0 0 0 0 0 0 0 0 0 0
34.721 125 GPS_INT 0 0 0 0 0 0 0 0 0 0 0 0 0 0 0 0
34.820 125 ROTORCRAFT_NAV_STATUS 39 0 0. 0. 0 2 0
34.822 125 ROTORCRAFT_FP 0 0 0 0 0 0 0 0 0 0 0 25 0 0 0
34.885 125 INS 0 0 0 0 0 0 0 0 0
34.974 125 GPS_INT 0 0 0 0 0 0 0 0 0 0 0 0 0 0 0 0
35.006 125 LINK_REPORT 125 0 35 0 24276 531 0 688. 15. 0 492.23
35.140 125 ROTORCRAFT_STATUS 0 0 2 0 0 13 0 0 4 5 125 41
35.141 125 ROTORCRAFT_FP 0 0 0 0 0 0 0 0 0 0 0 25 0 0 0
35.160 125 INS 0 0 0 0 0 0 0 0 0
35.274 125 GPS_INT 0 0 0 0 0 0 0 0 0 0 0 0 0 0 0 0
35.301 125 DL_VALUE 36 1218.
35.505 125 ROTORCRAFT_FP 0 0 0 0 0 0 0 0 0 0 0 25 0 0 0
35.506 125 INS 0 0 0 0 0 0 0 0 0
35.516 125 GPS_INT 0 0 0 0 0 0 0 0 0 0 0 0 0 0 0 0
35.533 125 PONG 
35.541 125 WP_MOVED_ENU 5 317 143 256
35.655 125 INS 0 0 0 0 0 0 0 0 0
35.735 125 GPS_INT 0 0 0 0 0 0 0 0 0 0 0 0 0 0 0 0
35.833 125 ROTORCRAFT_FP 0 0 0 0 0 0 0 0 0 0 0 25 0 0 0
35.888 125 INS 0 0 0 0 0 0 0 0 0
36.006 125 LINK_REPORT 125 0 36 0 24881 545 0 605. 14. 0 44.17
36.027 125 GPS_INT 0 0 0 0 0 0 0 0 0 0 0 0 0 0 0 0
36.082 125 ROTORCRAFT_FP 0 0 0 0 0 0 0 0 0 0 0 25 0 0 0
36.148 125 INS 0 0 0 0 0 0 0 0 0
36.181 125 ALIVE 176,154,94,114,86,170,70,95,114,243,202,226,114,160,1,244
36.333 125 ENERGY 12.5 0. 0 0.
36.339 125 GPS_INT 0 0 0 0 0 0 0 0 0 0 0 0 0 0 0 0
36.340 125 ROTORCRAFT_STATUS 0 0 2 0 0 13 0 0 4 5 125 42
36.358 125 ROTORCRAFT_FP 0 0 0 0 0 0 0 0 0 0 0 25 0 0 0
36.377 125 DL_VALUE 37 303.
36.394 125 ROTORCRAFT_NAV_STATUS 40 0 0. 0. 0 2 0
36.395 125 INS 0 0 0 0 0 0 0 0 0
36.396 125 DATALINK_REPORT 0 0 698 778 0
36.578 125 GPS_INT 0 0 0 0 0 0 0 0 0 0 0 0 0 0 0 0
36.579 125 INS_REF 392433159 30036171 500219722 519906340 43767889 45103 0 102939.
36.588 125 ROTORCRAFT_FP 0 0 0 0 0 0 0 0 0 0 0 25 0 0 0
36.739 125 GPS_INT 0 0 0 0 0 0 0 0 0 0 0 0 0 0 0 0
36.938 125 INS 0 0 0 0 0 0 0 0 0
36.947 125 ROTORCRAFT_FP 0 0 0 0 0 0 0 0 0 0 0 25 0 0 0
36.968 125 WP_MOVED_ENU 6 -386 -284 256
37.007 125 LINK_REPORT 125 0 37 0 25681 564 0 800. 19. 0 44.17
37.012 125 GPS_INT 0 0 0 0 0 0 0 0 0 0 0 0 0 0 0 0
37.151 125 ROTORCRAFT_FP 0 0 0 0 0 0 0 0 0 0 0 25 0 0 0
37.152 125 INS 0 0 0 0 0 0 0 0 0
37.280 125 GPS_INT 0 0 0 0 0 0 0 0 0 0 0 0 0 0 0 0
37.369 125 ROTORCRAFT_FP 0 0 0 0 0 0 0 0 0 0 0 25 0 0 0
37.505 125 INS 0 0 0 0 0 0 0 0 0
37.547 125 ROTORCRAFT_STATUS 0 0 2 0 0 13 0 0 4 5 125 44
37.559 125 DL_VALUE 38 120.
37.560 125 STATE_FILTER_STATUS 2 2
37.562 125 GPS_INT 0 0 0 0 0 0 0 0 0 0 0 0 0 0 0 0
37.659 125 ROTORCRAFT_FP 0 0 0 0 0 0 0 0 0 0 0 25 0 0 0
37.790 125 INS 0 0 0 0 0 0 0 0 0
37.824 125 GPS_INT 0 0 0 0 0 0 0 0 0 0 0 0 0 0 0 0
37.867 125 ROTORCRAFT_FP 0 0 0 0 0 0 0 0 0 0 0 25 0 0 0
37.977 125 INS 0 0 0 0 0 0 0 0 0
38.008 125 LINK_REPORT 125 0 38 0 26396 579 0 715. 15. 0 44.17
38.101 125 ROTORCRAFT_NAV_STATUS 42 0 0. 0. 0 2 0
38.111 125 GPS_INT 0 0 0 0 0 0 0 0 0 0 0 0 0 0 0 0
38.128 125 ROTORCRAFT_FP 0 0 0 0 0 0 0 0 0 0 0 25 0 0 0
38.182 125 INS 0 0 0 0 0 0 0 0 0
38.199 125 WP_MOVED_ENU 7 -773 399 256
38.337 125 GPS_INT 0 0 0 0 0 0 0 0 0 0 0 0 0 0 0 0
38.338 125 ALIVE 176,154,94,114,86,170,70,95,114,243,202,226,114,160,1,244
38.507 125 INS 0 0 0 0 0 0 0 0 0
38.545 125 GPS_INT 0 0 0 0 0 0 0 0 0 0 0 0 0 0 0 0
38.622 125 DL_VALUE 39 150.
38.668 125 ROTORCRAFT_FP 0 0 0 0 0 0 0 0 0 0 0 25 0 0 0
38.676 125 INS 0 0 0 0 0 0 0 0 0
38.702 125 ROTORCRAFT_STATUS 0 0 2 0 0 13 0 0 4 5 125 45
38.727 125 ENERGY 12.5 0. 0 0.
38.788 125 GPS_INT 0 0 0 0 0 0 0 0 0 0 0 0 0 0 0 0
38.929 125 ROTORCRAFT_FP 0 0 0 0 0 0 0 0 0 0 0 25 0 0 0
38.948 125 INS 0 0 0 0 0 0 0 0 0
39.008 125 LINK_REPORT 125 0 39 0 27121 596 0 725. 17. 0 44.17
39.063 125 GPS_INT 0 0 0 0 0 0 0 0 0 0 0 0 0 0 0 0
39.218 125 ROTORCRAFT_FP 0 0 0 0 0 0 0 0 0 0 0 25 0 0 0
39.227 125 INS 0 0 0 0 0 0 0 0 0
39.352 125 GPS_INT 0 0 0 0 0 0 0 0 0 0 0 0 0 0 0 0
39.396 125 ROTORCRAFT_FP 0 0 0 0 0 0 0 0 0 0 0 25 0 0 0
39.525 125 INS 0 0 0 0 0 0 0 0 0
39.526 125 WP_MOVED_ENU 8 -87 826 256
39.546 125 GPS_INT 0 0 0 0 0 0 0 0 0 0 0 0 0 0 0 0
39.636 125 ROTORCRAFT_NAV_STATUS 44 0 0. 0. 0 2 0
39.681 125 ROTORCRAFT_FP 0 0 0 0 0 0 0 0 0 0 0 25 0 0 0
39.697 125 INS 0 0 0 0 0 0 0 0 0
39.827 125 DL_VALUE 40 1218.
39.836 125 GPS_INT 0 0 0 0 0 0 0 0 0 0 0 0 0 0 0 0
39.908 125 ROTORCRAFT_FP 0 0 0 0 0 0 0 0 0 0 0 25 0 0 0
39.933 125 ROTORCRAFT_STATUS 0 0 2 0 0 13 0 0 4 5 125 46
39.951 125 INS 0 0 0 0 0 0 0 0 0
40.009 125 LINK_REPORT 125 0 40 0 27867 612 0 746. 16. 0 44.17
40.145 125 GPS_INT 0 0 0 0 0 0 0 0 0 0 0 0 0 0 0 0
40.155 125 ROTORCRAFT_FP 0 0 0 0 0 0 0 0 0 0 0 25 0 0 0
40.240 125 INS 0 0 0 0 0 0 0 0 0
40.416 125 GPS_INT 0 0 0 0 0 0 0 0 0 0 0 0 0 0 0 0
40.428 125 ROTORCRAFT_FP 0 0 0 0 0 0 0 0 0 0 0 25 0 0 0
40.481 125 ALIVE 176,154,94,114,86,170,70,95,114,243,202,226,114,160,1,244
40.502 125 INS 0 0 0 0 0 0 0 0 0
40.507 125 PONG 
40.562 125 GPS_INT 0 0 0 0 0 0 0 0 0 0 0 0 0 0 0 0
40.701 125 ROTORCRAFT_FP 0 0 0 0 0 0 0 0 0 0 0 25 0 0 0
40.727 125 INS 0 0 0 0 0 0 0 0 0
40.798 125 STATE_FILTER_STATUS 2 2
40.817 125 GPS_INT 0 0 0 0 0 0 0 0 0 0 0 0 0 0 0 0
40.843 125 WP_MOVED_ENU 9 824 28 256
40.860 125 DL_VALUE 41 303.
40.980 125 ROTORCRAFT_FP 0 0 0 0 0 0 0 0 0 0 0 25 0 0 0
40.990 125 INS 0 0 0 0 0 0 0 0 0
41.009 125 LINK_REPORT 125 0 41 0 28607 629 0 740. 17. 0 17.85
41.076 125 GPS_INT 0 0 0 0 0 0 0 0 0 0 0 0 0 0 0 0
41.137 125 ROTORCRAFT_STATUS 0 0 2 0 0 13 0 0 4 5 125 47
41.257 125 ROTORCRAFT_FP 0 0 0 0 0 0 0 0 0 0 0 25 0 0 0
41.268 125 INS 0 0 0 0 0 0 0 0 0
41.285 125 ROTORCRAFT_NAV_STATUS 45 0 0. 0. 0 2 0
41.312 125 ENERGY 12.5 0. 0 0.
41.331 125 GPS_INT 0 0 0 0 0 0 0 0 0 0 0 0 0 0 0 0
41.438 125 ROTORCRAFT_FP 0 0 0 0 0 0 0 0 0 0 0 25 0 0 0
41.563 125 INS 0 0 0 0 0 0 0 0 0
41.580 125 GPS_INT 0 0 0 0 0 0 0 0 0 0 0 0 0 0 0 0
41.581 125 DATALINK_REPORT 0 0 784 764 0
41.682 125 INS_REF 392433159 30036171 500219722 519906340 43767889 45103 0 102939.
41.761 125 INS 0 0 0 0 0 0 0 0 0
41.851 125 GPS_INT 0 0 0 0 0 0 0 0 0 0 0 0 0 0 0 0
41.959 125 ROTORCRAFT_FP 0 0 0 0 0 0 0 0 0 0 0 25 0 0 0
41.984 125 DL_VALUE 42 120.
41.993 125 INS 0 0 0 0 0 0 0 0 0
42.010 125 LINK_REPORT 125 0 42 0 29343 646 0 736. 17. 0 17.85
42.170 125 GPS_INT 0 0 0 0 0 0 0 0 0 0 0 0 0 0 0 0
42.208 125 ROTORCRAFT_FP 0 0 0 0 0 0 0 0 0 0 0 25 0 0 0
42.246 125 INS 0 0 0 0 0 0 0 0 0
42.349 125 GPS_INT 0 0 0 0 0 0 0 0 0 0 0 0 0 0 0 0
42.511 125 ROTORCRAFT_STATUS 0 0 2 0 0 13 0 0 4 5 126 48
42.512 125 ROTORCRAFT_FP 0 0 0 0 0 0 0 0 0 0 0 25 0 0 0
42.513 125 INS 0 0 0 0 0 0 0 0 0
42.584 125 ALIVE 176,154,94,114,86,170,70,95,114,243,202,226,114,160,1,244
42.590 125 GPS_INT 0 0 0 0 0 0 0 0 0 0 0 0 0 0 0 0
42.696 125 ROTORCRAFT_FP 0 0 0 0 0 0 0 0 0 0 0 25 0 0 0
42.776 125 INS 0 0 0 0 0 0 0 0 0
42.848 125 GPS_INT 0 0 0 0 0 0 0 0 0 0 0 0 0 0 0 0
42.888 125 ROTORCRAFT_NAV_STATUS 47 0 0. 0. 0 2 0
43.011 125 LINK_REPORT 125 0 43 0 29976 659 0 633. 13. 0 17.85
43.203 125 ROTORCRAFT_FP 0 0 0 0 0 0 0 0 0 0 0 25 0 0 0
43.221 125 INS 0 0 0 0 0 0 0 0 0
43.230 125 DL_VALUE 43 150.
43.265 125 GPS_INT 0 0 0 0 0 0 0 0 0 0 0 0 0 0 0 0
43.273 125 ROTORCRAFT_FP 0 0 0 0 0 0 0 0 0 0 0 25 0 0 0
43.376 125 INS 0 0 0 0 0 0 0 0 0
43.421 125 GPS_INT 0 0 0 0 0 0 0 0 0 0 0 0 0 0 0 0
43.468 125 ROTORCRAFT_FP 0 0 0 0 0 0 0 0 0 0 0 25 0 0 0
43.477 125 WP_MOVED_ENU 11 -1351 512 256
43.508 125 INS 0 0 0 0 0 0 0 0 0
43.580 125 ROTORCRAFT_STATUS 0 0 2 0 0 13 0 0 4 5 125 50
43.609 125 GPS_INT 0 0 0 0 0 0 0 0 0 0 0 0 0 0 0 0
43.732 125 ROTORCRAFT_FP 0 0 0 0 0 0 0 0 0 0 0 25 0 0 0
43.759 125 INS 0 0 0 0 0 0 0 0 0
43.943 125 ENERGY 12.5 0. 0 0.
43.969 125 GPS_INT 0 0 0 0 0 0 0 0 0 0 0 0 0 0 0 0
43.970 125 ROTORCRAFT_FP 0 0 0 0 0 0 0 0 0 0 0 25 0 0 0
44.012 125 LINK_REPORT 125 0 44 0 30785 676 0 809. 17. 0 17.85
44.013 125 STATE_FILTER_STATUS 2 2
44.040 125 INS 0 0 0 0 0 0 0 0 0
44.337 125 INS 0 0 0 0 0 0 0 0 0
44.449 125 GPS_INT 0 0 0 0 0 0 0 0 0 0 0 0 0 0 0 0
44.629 125 GPS_INT 0 0 0 0 0 0 0 0 0 0 0 0 0 0 0 0
44.752 125 ALIVE 176,154,94,114,86,170,70,95,114,243,202,226,114,160,1,244
44.761 125 ROTORCRAFT_FP 0 0 0 0 0 0 0 0 0 0 0 25 0 0 0
44.790 125 INS 0 0 0 0 0 0 0 0 0
44.808 125 WP_MOVED_ENU 12 35 1338 256
44.852 125 ROTORCRAFT_STATUS 0 0 2 0 0 13 0 0 4 5 125 51
44.915 125 GPS_INT 0 0 0 0 0 0 0 0 0 0 0 0 0 0 0 0
45.008 125 ROTORCRAFT_FP 0 0 0 0 0 0 0 0 0 0 0 25 0 0 0
45.013 125 LINK_REPORT 125 0 45 0 31299 688 0 514. 12. 0 17.85
45.091 125 INS 0 0 0 0 0 0 0 0 0
45.149 125 GPS_INT 0 0 0 0 0 0 0 0 0 0 0 0 0 0 0 0
45.255 125 ROTORCRAFT_FP 0 0 0 0 0 0 0 0 0 0 0 25 0 0 0
45.372 125 INS 0 0 0 0 0 0 0 0 0
45.382 125 DL_VALUE 45 353.
45.402 125 GPS_INT 0 0 0 0 0 0 0 0 0 0 0 0 0 0 0 0
45.503 125 ROTORCRAFT_FP 0 0 0 0 0 0 0 0 0 0 0 25 0 0 0
45.511 125 PONG 
45.557 125 INS 0 0 0 0 0 0 0 0 0
45.646 125 GPS_INT 0 0 0 0 0 0 0 0 0 0 0 0 0 0 0 0
45.797 125 INS 0 0 0 0 0 0 0 0 0
45.973 125 GPS_INT 0 0 0 0 0 0 0 0 0 0 0 0 0 0 0 0
46.011 125 ROTORCRAFT_FP 0 0 0 0 0 0 0 0 0 0 0 25 0 0 0
46.014 125 LINK_REPORT 125 0 46 0 31924 701 0 625. 13. 0 21.12
46.026 125 ROTORCRAFT_STATUS 0 0 2 0 0 13 0 0 4 5 125 52
46.071 125 INS 0 0 0 0 0 0 0 0 0
46.114 125 WP_MOVED_ENU 0 10956 10549 256
46.141 125 ROTORCRAFT_NAV_STATUS 50 0 0. 0. 0 2 0
46.158 125 GPS_INT 0 0 0 0 0 0 0 0 0 0 0 0 0 0 0 0
46.308 125 ROTORCRAFT_FP 0 0 0 0 0 0 0 0 0 0 0 25 0 0 0
46.319 125 INS 0 0 0 0 0 0 0 0 0
46.379 125 ENERGY 12.5 0. 0 0.
46.415 125 GPS_INT 0 0 0 0 0 0 0 0 0 0 0 0 0 0 0 0
46.442 125 DL_VALUE 46 10.
46.547 125 ROTORCRAFT_FP 0 0 0 0 0 0 0 0 0 0 0 25 0 0 0
46.702 125 GPS_INT 0 0 0 0 0 0 0 0 0 0 0 0 0 0 0 0
46.875 125 ROTORCRAFT_FP 0 0 0 0 0 0 0 0 0 0 0 25 0 0 0
46.895 125 INS 0 0 0 0 0 0 0 0 0
46.903 125 ALIVE 176,154,94,114,86,170,70,95,114,243,202,226,114,160,1,244
46.904 125 INS_REF 392433159 30036171 500219722 519906340 43767889 45103 0 102939.
46.931 125 GPS_INT 0 0 0 0 0 0 0 0 0 0 0 0 0 0 0 0
47.015 125 LINK_REPORT 125 0 47 0 32645 718 0 721. 17. 0 21.12
47.035 125 ROTORCRAFT_FP 0 0 0 0 0 0 0 0 0 0 0 25 0 0 0
47.125 125 INS 0 0 0 0 0 0 0 0 0
47.188 125 GPS_INT 0 0 0 0 0 0 0 0 0 0 0 0 0 0 0 0
47.244 125 ROTORCRAFT_STATUS 0 0 2 0 0 13 0 0 4 5 125 53
47.269 125 STATE_FILTER_STATUS 2 2
47.296 125 ROTORCRAFT_FP 0 0 0 0 0 0 0 0 0 0 0 25 0 0 0
47.343 125 INS 0 0 0 0 0 0 0 0 0
47.464 125 GPS_INT 0 0 0 0 0 0 0 0 0 0 0 0 0 0 0 0
47.492 125 WP_MOVED_ENU 1 0 0 256
47.531 125 ROTORCRAFT_FP 0 0 0 0 0 0 0 0 0 0 0 25 0 0 0
47.562 125 DL_VALUE 47 52.
47.801 125 GPS_INT 0 0 0 0 0 0 0 0 0 0 0 0 0 0 0 0
47.820 125 ROTORCRAFT_NAV_STATUS 52 0 0. 0. 0 2 0
47.826 125 ROTORCRAFT_FP 0 0 0 0 0 0 0 0 0 0 0 25 0 0 0
48.015 125 LINK_REPORT 125 0 48 0 33254 732 0 609. 14. 0 21.12
48.042 125 INS 0 0 0 0 0 0 0 0 0
48.202 125 GPS_INT 0 0 0 0 0 0 0 0 0 0 0 0 0 0 0 0
48.212 125 ROTORCRAFT_FP 0 0 0 0 0 0 0 0 0 0 0 25 0 0 0
48.220 125 INS 0 0 0 0 0 0 0 0 0
48.245 125 GPS_INT 0 0 0 0 0 0 0 0 0 0 0 0 0 0 0 0
48.419 125 ROTORCRAFT_FP 0 0 0 0 0 0 0 0 0 0 0 25 0 0 0
48.438 125 INS 0 0 0 0 0 0 0 0 0
48.455 125 GPS_INT 0 0 0 0 0 0 0 0 0 0 0 0 0 0 0 0
48.465 125 ROTORCRAFT_STATUS 0 0 2 0 0 13 0 0 4 5 125 54
48.587 125 ROTORCRAFT_FP 0 0 0 0 0 0 0 0 0 0 0 25 0 0 0
48.599 125 INS 0 0 0 0 0 0 0 0 0
48.686 125 DL_VALUE 48 0.
48.790 125 GPS_INT 0 0 0 0 0 0 0 0 0 0 0 0 0 0 0 0
49.017 125 LINK_REPORT 125 0 49 0 33896 745 0 642. 13. 0 21.12
49.031 125 INS 0 0 0 0 0 0 0 0 0
49.032 125 ENERGY 12.5 0. 0 0.
49.051 125 GPS_INT 0 0 0 0 0 0 0 0 0 0 0 0 0 0 0 0
49.068 125 ALIVE 176,154,94,114,86,170,70,95,114,243,202,226,114,160,1,244
49.086 125 ROTORCRAFT_FP 0 0 0 0 0 0 0 0 0 0 0 25 0 0 0
49.189 125 INS 0 0 0 0 0 0 0 0 0
49.214 125 GPS_INT 0 0 0 0 0 0 0 0 0 0 0 0 0 0 0 0
49.313 125 ROTORCRAFT_FP 0 0 0 0 0 0 0 0 0 0 0 25 0 0 0
49.365 125 INS 0 0 0 0 0 0 0 0 0
49.500 125 ROTORCRAFT_NAV_STATUS 53 0 0. 0. 0 2 0
49.527 125 GPS_INT 0 0 0 0 0 0 0 0 0 0 0 0 0 0 0 0
49.800 125 ROTORCRAFT_STATUS 0 0 2 0 0 13 0 0 4 5 125 56
49.818 125 GPS_INT 0 0 0 0 0 0 0 0 0 0 0 0 0 0 0 0
49.843 125 DL_VALUE 49 1.
49.855 125 ROTORCRAFT_FP 0 0 0 0 0 0 0 0 0 0 0 25 0 0 0
49.872 125 INS 0 0 0 0 0 0 0 0 0
49.975 125 GPS_INT 0 0 0 0 0 0 0 0 0 0 0 0 0 0 0 0
50.017 125 LINK_REPORT 125 0 50 0 34664 762 0 768. 17. 0 21.12
50.225 125 ROTORCRAFT_FP 0 0 0 0 0 0 0 0 0 0 0 25 0 0 0
50.242 125 WP_MOVED_ENU 3 -535 -1269 256
50.261 125 INS 0 0 0 0 0 0 0 0 0
50.305 125 GPS_INT 0 0 0 0 0 0 0 0 0 0 0 0 0 0 0 0
50.463 125 ROTORCRAFT_FP 0 0 0 0 0 0 0 0 0 0 0 25 0 0 0
50.486 125 GPS_INT 0 0 0 0 0 0 0 0 0 0 0 0 0 0 0 0
50.524 125 PONG 
50.534 125 STATE_FILTER_STATUS 2 2
50.608 125 ROTORCRAFT_FP 0 0 0 0 0 0 0 0 0 0 0 25 0 0 0
50.631 125 INS 0 0 0 0 0 0 0 0 0
50.731 125 GPS_INT 0 0 0 0 0 0 0 0 0 0 0 0 0 0 0 0
50.900 125 ROTORCRAFT_FP 0 0 0 0 0 0 0 0 0 0 0 25 0 0 0
50.995 125 INS 0 0 0 0 0 0 0 0 0
51.018 125 LINK_REPORT 125 0 51 0 35266 775 0 602. 13. 0 33.65
51.022 125 ROTORCRAFT_STATUS 0 0 2 0 0 13 0 0 4 5 125 57
51.031 125 DL_VALUE 0 0.
51.040 125 GPS_INT 0 0 0 0 0 0 0 0 0 0 0 0 0 0 0 0
51.050 125 ROTORCRAFT_NAV_STATUS 55 0 0. 0. 0 2 0
51.103 125 ROTORCRAFT_FP 0 0 0 0 0 0 0 0 0 0 0 25 0 0 0
51.148 125 ALIVE 176,154,94,114,86,170,70,95,114,243,202,226,114,160,1,244
51.156 125 INS 0 0 0 0 0 0 0 0 0
51.273 125 GPS_INT 0 0 0 0 0 0 0 0 0 0 0 0 0 0 0 0
51.326 125 AUTOPILOT_VERSION 50401 v5.4.1_stable-4-ga603c8e-dirty
51.362 125 ROTORCRAFT_FP 0 0 0 0 0 0 0 0 0 0 0 25 0 0 0
51.414 125 INS 0 0 0 0 0 0 0 0 0
51.422 125 WP_MOVED_ENU 4 1379 -2818 256
51.458 125 ENERGY 12.5 0. 0 0.
51.566 125 GPS_INT 0 0 0 0 0 0 0 0 0 0 0 0 0 0 0 0
51.592 125 ROTORCRAFT_FP 0 0 0 0 0 0 0 0 0 0 0 25 0 0 0
51.642 125 INS 0 0 0 0 0 0 0 0 0
51.841 125 GPS_INT 0 0 0 0 0 0 0 0 0 0 0 0 0 0 0 0
51.850 125 ROTORCRAFT_FP 0 0 0 0 0 0 0 0 0 0 0 25 0 0 0
51.922 125 INS 0 0 0 0 0 0 0 0 0
51.990 125 DATALINK_REPORT 0 0 956 765 0
52.018 125 LINK_REPORT 125 0 52 0 36111 795 0 845. 20. 0 33.65
52.030 125 GPS_INT 0 0 0 0 0 0 0 0 0 0 0 0 0 0 0 0
52.030 125 DL_VALUE 1 13.
52.115 125 INS_REF 392433159 30036171 500219722 519906340 43767889 45103 0 102939.
52.124 125 ROTORCRAFT_FP 0 0 0 0 0 0 0 0 0 0 0 25 0 0 0
52.140 125 ROTORCRAFT_STATUS 0 0 2 0 0 13 0 0 4 5 125 58
52.336 125 GPS_INT 0 0 0 0 0 0 0 0 0 0 0 0 0 0 0 0
52.527 125 ROTORCRAFT_FP 0 0 0 0 0 0 0 0 0 0 0 25 0 0 0
52.536 125 INS 0 0 0 0 0 0 0 0 0
52.545 125 GPS_INT 0 0 0 0 0 0 0 0 0 0 0 0 0 0 0 0
52.605 125 ROTORCRAFT_FP 0 0 0 0 0 0 0 0 0 0 0 25 0 0 0
52.657 125 ROTORCRAFT_NAV_STATUS 56 0 0. 0. 0 2 0
52.660 125 INS 0 0 0 0 0 0 0 0 0
52.786 125 GPS_INT 0 0 0 0 0 0 0 0 0 0 0 0 0 0 0 0
52.855 125 ROTORCRAFT_FP 0 0 0 0 0 0 0 0 0 0 0 25 0 0 0
52.916 125 INS 0 0 0 0 0 0 0 0 0
53.019 125 LINK_REPORT 125 0 53 0 36834 810 0 723. 15. 0 33.65
53.026 125 GPS_INT 0 0 0 0 0 0 0 0 0 0 0 0 0 0 0 0
53.132 125 ROTORCRAFT_FP 0 0 0 0 0 0 0 0 0 0 0 25 0 0 0
53.146 125 DL_VALUE 2 1.
53.182 125 INS 0 0 0 0 0 0 0 0 0
53.315 125 ALIVE 176,154,94,114,86,170,70,95,114,243,202,226,114,160,1,244
53.333 125 GPS_INT 0 0 0 0 0 0 0 0 0 0 0 0 0 0 0 0
53.351 125 ROTORCRAFT_STATUS 0 0 2 0 0 13 0 0 4 5 125 59
53.390 125 ROTORCRAFT_FP 0 0 0 0 0 0 0 0 0 0 0 25 0 0 0
53.428 125 INS 0 0 0 0 0 0 0 0 0
53.579 125 GPS_INT 0 0 0 0 0 0 0 0 0 0 0 0 0 0 0 0
53.617 125 ROTORCRAFT_FP 0 0 0 0 0 0 0 0 0 0 0 25 0 0 0
53.759 125 STATE_FILTER_STATUS 3 2
53.795 125 GPS_INT 0 0 0 0 0 0 0 0 0 0 0 0 0 0 0 0
53.932 125 ROTORCRAFT_FP 0 0 -133 0 0 -347418 -113 167 -2 0 0 25 -2 0 0
53.950 125 INS 0 0 154 0 0 462788 -4 -33 506
53.997 125 ENERGY 12.5 0. 0 0.
54.020 125 LINK_REPORT 125 0 54 0 37550 826 0 716. 16. 0 33.65
54.032 125 WP_MOVED_ENU 6 -386 -284 256
54.067 125 GPS_INT 0 0 0 0 0 0 0 0 0 0 0 0 0 0 0 0
54.176 125 ROTORCRAFT_FP 0 0 -251 0 0 -747284 -113 168 -2 0 0 25 -2 0 0
54.188 125 INS 0 0 264 0 0 735777 -1 -30 606
54.267 125 DL_VALUE 3 0.
54.313 125 ROTORCRAFT_NAV_STATUS 58 0 0. 0. 0 2 0
54.322 125 GPS_INT 0 0 0 0 0 0 0 0 0 0 0 0 0 0 0 0
54.494 125 ROTORCRAFT_FP 0 0 -246 0 0 -441816 -113 168 -2 0 0 25 -2 0 0
54.519 125 INS 0 0 248 0 0 409207 -4 45 179
54.561 125 GPS_INT 0 0 0 0 0 0 0 0 0 0 0 0 0 0 0 0
54.561 125 ROTORCRAFT_STATUS 0 0 2 0 0 13 0 0 4 5 125 60
54.641 125 ROTORCRAFT_FP 0 0 -218 0 0 -159682 -113 168 -2 0 0 25 -2 0 0
54.716 125 INS 0 0 202 0 0 74215 -4 -33 -253
54.799 125 GPS_INT 0 0 0 0 0 0 0 0 0 0 0 0 0 0 0 0
54.903 125 ROTORCRAFT_FP 0 0 -147 0 0 173400 -113 168 -1 0 0 25 -1 0 0
55.004 125 INS 0 0 155 0 0 -137538 -5 45 -463
55.020 125 LINK_REPORT 125 0 55 0 38296 842 0 746. 16. 0 33.65
55.143 125 GPS_INT 0 0 0 0 0 0 0 0 0 0 0 0 0 0 0 0
55.160 125 ROTORCRAFT_FP 0 0 -128 0 0 222635 -112 168 -1 0 0 25 -1 0 0
55.212 125 INS 0 0 131 0 0 -198885 -4 -32 -466
55.376 125 GPS_INT 0 0 0 0 0 0 0 0 0 0 0 0 0 0 0 0
55.397 125 WP_MOVED_ENU 7 -773 399 256
55.406 125 DL_VALUE 4 13.
55.425 125 ALIVE 176,154,94,114,86,170,70,95,114,243,202,226,114,160,1,244
55.453 125 ROTORCRAFT_FP 0 0 -102 0 0 272515 -112 168 -1 0 0 25 -1 0 0
55.465 125 INS 0 0 101 0 0 -260347 -5 46 -473
55.525 125 PONG 
55.638 125 GPS_INT 0 0 0 0 0 0 0 0 0 0 0 0 0 0 0 0
55.658 125 ROTORCRAFT_FP 0 0 -97 0 0 224965 -112 168 -1 0 0 25 -1 0 0
55.710 125 INS 0 0 68 0 0 -315364 72 46 -473
55.773 125 ROTORCRAFT_STATUS 0 0 2 0 0 13 0 0 4 5 125 62
55.811 125 GPS_INT 0 0 0 0 0 0 0 0 0 0 0 0 0 0 0 0
55.964 125 ROTORCRAFT_NAV_STATUS 60 0 0. 0. 0 2 0
55.990 125 ROTORCRAFT_FP 0 0 -81 0 0 207348 -113 168 -1 0 0 25 -1 0 0
55.998 125 INS 0 0 79 0 0 -205196 -2 -31 -259
56.021 125 LINK_REPORT 125 0 56 0 39071 860 0 775. 18. 0 33.66
56.062 125 GPS_INT 0 0 0 0 0 0 0 0 0 0 0 0 0 0 0 0
56.241 125 ROTORCRAFT_FP 0 0 -171 0 0 -102903 -113 169 -1 0 0 25 -1 0 0
56.252 125 INS 0 0 164 0 0 68052 71 -33 -115
56.320 125 GPS_INT 0 0 0 0 0 0 0 0 0 0 0 0 0 0 0 0
56.436 125 ROTORCRAFT_FP 0 0 -175 0 0 -68289 -113 169 -1 0 0 25 -1 0 0
56.522 125 INS 0 0 174 0 0 60254 -7 -33 -110
56.564 125 DL_VALUE 5 283.
56.571 125 ENERGY 12.5 0. 0 0.
56.582 125 GPS_INT 0 0 0 0 0 0 0 0 0 0 0 0 0 0 0 0
56.675 125 WP_MOVED_ENU 8 -87 826 256
56.676 125 ROTORCRAFT_FP 0 0 -151 0 0 35725 -113 169 0 0 0 25 0 0 0
56.733 125 INS 0 0 146 0 0 -52668 -9 -33 -170
57.023 125 LINK_REPORT 125 0 57 0 39625 872 0 554. 12. 0 33.66
57.195 125 GPS_INT 0 0 0 0 0 0 0 0 0 0 0 0 0 0 0 0
57.203 125 ROTORCRAFT_FP 0 0 -160 0 0 17691 -113 169 0 0 0 25 0 0 0
57.212 125 INS 0 0 163 0 0 -10589 -9 -33 -134
57.220 125 ROTORCRAFT_STATUS 0 0 2 0 0 13 0 0 4 5 125 63
57.362 125 STATE_FILTER_STATUS 3 2
57.388 125 GPS_INT 0 0 0 0 0 0 0 0 0 0 0 0 0 0 0 0
57.396 125 DATALINK_REPORT 0 0 1043 763 0
57.397 125 ROTORCRAFT_FP 0 0 -189 0 0 -45781 -113 170 0 0 0 25 0 0 0
57.406 125 INS_REF 392433159 30036171 500219722 519906340 43767889 45103 0 102939.
57.414 125 INS 0 0 181 0 0 18267 -9 44 -112
57.550 125 GPS_INT 0 0 0 0 0 0 0 0 0 0 0 0 0 0 0 0
57.560 125 ROTORCRAFT_FP 0 0 -202 0 0 -50382 -113 170 0 0 0 25 0 0 0
57.560 125 INS 0 0 190 0 0 13380 -13 42 -184
57.561 125 ROTORCRAFT_NAV_STATUS 61 0 0. 0. 0 2 0
57.563 125 ALIVE 176,154,94,114,86,170,70,95,114,243,202,226,114,160,1,244
57.585 125 GPS_INT 0 0 0 0 0 0 0 0 0 0 0 0 0 0 0 0
57.695 125 DL_VALUE 6 82.
57.730 125 ROTORCRAFT_FP 0 0 -175 0 0 41011 -113 170 0 0 0 25 0 0 0
57.748 125 INS 0 0 178 0 0 -34964 -10 -35 -120
57.857 125 GPS_INT 0 0 0 0 0 0 0 0 0 0 0 0 0 0 0 0
57.993 125 ROTORCRAFT_FP 0 0 -133 0 0 141435 -114 170 0 0 0 25 0 0 0
58.025 125 WP_MOVED_ENU 9 824 28 256
58.025 125 LINK_REPORT 125 0 58 0 40582 894 0 957. 22. 0 33.66
58.029 125 INS 0 0 147 0 0 -101322 -10 -35 -143
58.103 125 GPS_INT 0 0 0 0 0 0 0 0 0 0 0 0 0 0 0 0
58.272 125 ROTORCRAFT_FP 0 0 -162 0 0 44970 -114 170 0 0 0 25 0 0 0
58.307 125 ROTORCRAFT_STATUS 0 0 2 0 0 13 0 0 4 5 125 64
58.316 125 INS 0 0 175 0 0 -12926 -10 43 -101
58.368 125 GPS_INT 0 0 0 0 0 0 0 0 0 0 0 0 0 0 0 0
58.453 125 ROTORCRAFT_FP 0 0 -245 0 0 -137683 -114 170 0 0 0 25 0 0 0
58.579 125 INS 0 0 222 0 0 69845 -90 -37 -133
58.603 125 GPS_INT 0 0 0 0 0 0 0 0 0 0 0 0 0 0 0 0
58.722 125 ROTORCRAFT_FP 0 0 -181 0 0 51161 -114 169 0 0 0 25 0 0 0
58.731 125 DL_VALUE 7 13.
58.980 125 GPS_INT 0 0 0 0 0 0 0 0 0 0 0 0 0 0 0 0
58.999 125 ROTORCRAFT_FP 0 0 -169 0 0 76436 -114 169 0 0 0 25 0 0 0
59.026 125 LINK_REPORT 125 0 59 0 41246 907 0 664. 13. 0 33.66
59.068 125 INS 0 0 169 0 0 -74166 -11 41 -180
59.187 125 ROTORCRAFT_NAV_STATUS 63 0 0. 0. 0 2 0
59.509 125 ROTORCRAFT_FP 0 0 -161 0 0 83266 -114 169 0 0 0 25 0 0 0
59.518 125 INS 0 0 187 0 0 -20953 -11 -37 -152
59.544 125 WP_MOVED_ENU 10 -509 -796 256
59.606 125 GPS_INT 0 0 0 0 0 0 0 0 0 0 0 0 0 0 0 0
59.606 125 ROTORCRAFT_STATUS 0 0 2 0 0 13 0 0 4 5 125 65
59.608 125 ROTORCRAFT_FP 0 0 -167 0 0 73594 -113 168 1 0 0 25 1 0 0
59.609 125 INS 0 0 163 0 0 -80162 -6 -34 -89
59.725 125 ALIVE 176,154,94,114,86,170,70,95,114,243,202,226,114,160,1,244
59.734 125 ROTORCRAFT_FP 0 0 -167 0 0 63723 -113 169 1 0 0 25 1 0 0
59.798 125 INS 0 0 146 0 0 -108565 -7 -34 -93
59.869 125 DL_VALUE 8 0.655
59.878 125 GPS_INT 0 0 0 0 0 0 0 0 0 0 0 0 0 0 0 0
60.027 125 LINK_REPORT 125 0 60 0 41827 921 0 581. 14. 0 33.66
60.095 125 ROTORCRAFT_FP 0 0 -178 0 0 25607 -114 169 1 0 0 25 1 0 0
60.113 125 INS 0 0 183 0 0 -13309 -8 44 -64
60.162 125 GPS_INT 0 0 0 0 0 0 0 0 0 0 0 0 0 0 0 0
60.242 125 ROTORCRAFT_FP 0 0 -140 0 0 92439 -113 169 1 0 0 25 1 0 0
60.381 125 STATE_FILTER_STATUS 3 2
60.390 125 INS 0 0 105 0 0 -165660 70 44 -114
60.416 125 GPS_INT 0 0 0 0 0 0 0 0 0 0 0 0 0 0 0 0
60.495 125 ROTORCRAFT_FP 0 0 -103 0 0 140707 -113 170 1 0 0 25 1 0 0
60.525 125 PONG 
60.582 125 INS 0 0 127 0 0 -81599 69 45 -87
60.641 125 GPS_INT 0 0 0 0 0 0 0 0 0 0 0 0 0 0 0 0
60.651 125 ROTORCRAFT_STATUS 0 0 2 0 0 13 0 0 4 5 125 66
60.741 125 ROTORCRAFT_FP 0 0 -212 0 0 -108924 -114 169 1 0 0 25 1 0 0
60.784 125 ROTORCRAFT_NAV_STATUS 64 0 0. 0. 0 2 0
60.801 125 INS 0 0 244 0 0 171113 70 43 -17
60.908 125 GPS_INT 0 0 0 0 0 0 0 0 0 0 0 0 0 0 0 0
60.974 125 DL_VALUE 9 0.
61.028 125 LINK_REPORT 125 0 61 0 42569 938 0 742. 17. 0 31.34
61.028 125 ROTORCRAFT_FP 0 0 -241 0 0 -130037 -114 169 1 0 0 25 1 0 0
61.053 125 INS 0 0 223 0 0 82758 -8 43 -36
61.234 125 GPS_INT 0 0 0 0 0 0 0 0 0 0 0 0 0 0 0 0
61.277 125 ROTORCRAFT_FP 0 0 -208 0 0 -40093 -114 169 0 0 0 25 0 0 0
61.323 125 INS 0 0 186 0 0 -9908 -8 44 -59
61.412 125 GPS_INT 0 0 0 0 0 0 0 0 0 0 0 0 0 0 0 0
61.516 125 ROTORCRAFT_FP 0 0 -215 0 0 -42267 -113 169 0 0 0 25 0 0 0
61.561 125 INS 0 0 199 0 0 4092 -12 42 -131
61.609 125 ENERGY 12.5 0. 0 0.
61.656 125 GPS_INT 0 0 0 0 0 0 0 0 0 0 0 0 0 0 0 0
61.779 125 ROTORCRAFT_FP 0 0 -115 0 0 157199 -113 170 0 0 0 25 0 0 0
61.831 125 ALIVE 176,154,94,114,86,170,70,95,114,243,202,226,114,160,1,244
61.847 125 INS 0 0 107 0 0 -168467 -10 -32 -91
61.876 125 ROTORCRAFT_STATUS 0 0 2 0 0 13 0 0 4 5 125 68
61.913 125 GPS_INT 0 0 0 0 0 0 0 0 0 0 0 0 0 0 0 0
61.967 125 WP_MOVED_ENU 12 35 1338 256
62.030 125 LINK_REPORT 125 0 62 0 43326 954 0 757. 16. 0 31.34
62.110 125 ROTORCRAFT_FP 0 0 -173 0 0 15537 -112 171 0 0 0 25 0 0 0
62.119 125 INS 0 0 205 0 0 49772 -13 46 -43
62.153 125 DL_VALUE 10 -25.
62.192 125 GPS_INT 0 0 0 0 0 0 0 0 0 0 0 0 0 0 0 0
62.272 125 ROTORCRAFT_FP 0 0 -190 0 0 -7819 -114 171 1 0 0 25 1 0 0
62.436 125 DATALINK_REPORT 0 0 1129 761 0
62.444 125 INS 0 0 180 0 0 -12063 -12 -34 -55
62.453 125 ROTORCRAFT_NAV_STATUS 66 0 0. 0. 0 2 0
62.470 125 INS_REF 392433159 30036171 500219722 519906340 43767889 45103 0 102939.
62.479 125 GPS_INT 0 0 0 0 0 0 0 0 0 0 0 0 0 0 0 0
62.525 125 ROTORCRAFT_FP 0 0 -130 0 0 106955 -114 171 1 0 0 25 1 0 0
62.804 125 ROTORCRAFT_FP 0 0 -18 0 0 303916 -114 171 1 0 0 25 1 0 0
62.867 125 INS 0 0 16 0 0 -290593 71 47 35
63.031 125 LINK_REPORT 125 0 63 0 43917 967 0 591. 13. 0 31.34
63.062 125 GPS_INT 0 0 0 0 0 0 0 0 0 0 0 0 0 0 0 0
63.072 125 ROTORCRAFT_FP 0 0 0 0 0 270920 -114 171 2 0 0 25 2 0 0
63.089 125 INS 0 0 18 0 0 -223669 67 -33 -26
63.097 125 ROTORCRAFT_STATUS 0 0 2 0 0 13 0 0 4 5 125 69
63.367 125 GPS_INT 0 0 0 0 0 0 0 0 0 0 0 0 0 0 0 0
63.368 125 DL_VALUE 11 1.
63.387 125 WP_MOVED_ENU 0 10956 10549 256
63.388 125 ROTORCRAFT_FP 0 0 -27 0 0 164130 -114 172 2 0 0 25 2 0 0
63.406 125 INS 0 0 41 0 0 -127877 66 45 -9
63.444 125 GPS_INT 0 0 0 0 0 0 0 0 0 0 0 0 0 0 0 0
63.686 125 INS 0 0 49 0 0 -84022 -10 47 80
63.705 125 GPS_INT 0 0 0 0 0 0 0 0 0 0 0 0 0 0 0 0
64.001 125 ROTORCRAFT_FP 0 0 29 0 0 209402 -114 173 2 0 0 25 2 0 0
64.010 125 INS 0 0 2 0 0 -139439 64 -33 -10
64.019 125 ALIVE 176,154,94,114,86,170,70,95,114,243,202,226,114,160,1,244
64.024 125 LINK_REPORT 125 0 64 0 44601 982 0 684. 15. 0 31.34
64.040 125 GPS_INT 0 0 0 0 0 0 0 0 0 0 0 0 0 0 0 0
64.048 125 ROTORCRAFT_NAV_STATUS 68 0 0. 0. 0 2 0
64.066 125 ROTORCRAFT_FP 0 0 -66 0 0 -3525 -114 174 2 0 0 25 2 0 0
64.225 125 INS 0 0 80 0 0 29023 62 45 18
64.244 125 GPS_INT 0 0 0 0 0 0 0 0 0 0 0 0 0 0 0 0
64.326 125 ROTORCRAFT_FP 0 0 -49 0 0 22384 -114 174 2 0 0 25 2 0 0
64.344 125 ROTORCRAFT_STATUS 0 0 2 0 0 13 0 0 4 5 125 70
64.352 125 DL_VALUE 12 3.
64.472 125 INS 0 0 80 0 0 38606 64 47 95
64.500 125 GPS_INT 0 0 0 0 0 0 0 0 0 0 0 0 0 0 0 0
64.559 125 ROTORCRAFT_FP 0 0 -137 0 0 -141242 -114 175 2 0 0 25 2 0 0
64.613 125 WP_MOVED_ENU 1 0 0 256
64.623 125 INS 0 0 147 0 0 154162 63 48 115
64.827 125 GPS_INT 0 0 0 0 0 0 0 0 0 0 0 0 0 0 0 0
64.863 125 ROTORCRAFT_FP 0 0 -88 0 0 -30958 -114 175 3 0 0 25 3 0 0
64.881 125 INS 0 0 103 0 0 57926 58 46 19
65.025 125 LINK_REPORT 125 0 65 0 45347 998 0 746. 16. 0 31.34
65.084 125 GPS_INT 0 0 0 0 0 0 0 0 0 0 0 0 0 0 0 0
65.085 125 ROTORCRAFT_FP 0 0 -145 0 0 -120098 -114 176 3 0 0 25 3 0 0
65.127 125 INS 0 0 144 0 0 114054 57 46 28
65.222 125 GPS_INT 0 0 0 0 0 0 0 0 0 0 0 0 0 0 0 0
65.355 125 ROTORCRAFT_FP 0 0 -100 0 0 -26238 -113 177 3 0 0 25 3 0 0
65.383 125 INS 0 0 92 0 0 13195 58 50 88
65.450 125 DL_VALUE 13 0.
65.478 125 GPS_INT 0 0 0 0 0 0 0 0 0 0 0 0 0 0 0 0
65.530 125 PONG 
65.617 125 ROTORCRAFT_STATUS 0 0 2 0 0 13 0 0 4 5 125 71
65.619 125 ROTORCRAFT_FP 0 0 -72 0 0 20968 -113 177 3 0 0 25 3 0 0
65.636 125 INS 0 0 56 0 0 -48065 56 50 78
65.673 125 ROTORCRAFT_NAV_STATUS 69 0 0. 0. 0 2 0
65.738 125 GPS_INT 0 0 0 0 0 0 0 0 0 0 0 0 0 0 0 0
65.937 125 ROTORCRAFT_FP 0 0 -204 0 0 -209575 -112 178 3 0 0 25 3 0 0
65.947 125 INS 0 0 208 0 0 210749 -25 -29 46
65.955 125 WP_MOVED_ENU 2 23 1280 256
65.983 125 GPS_INT 0 0 0 0 0 0 0 0 0 0 0 0 0 0 0 0
66.026 125 LINK_REPORT 125 0 66 0 46161 1016 0 814. 18. 0 37.13
66.074 125 ALIVE 176,154,94,114,86,170,70,95,114,243,202,226,114,160,1,244
66.083 125 ROTORCRAFT_FP 0 0 -181 0 0 -132632 -112 178 3 0 0 25 3 0 0
66.245 125 INS 0 0 183 0 0 129659 -29 -30 -43
66.247 125 GPS_INT 0 0 0 0 0 0 0 0 0 0 0 0 0 0 0 0
66.367 125 ROTORCRAFT_FP 0 0 -125 0 0 -9810 -111 178 3 0 0 25 3 0 0
66.410 125 INS 0 0 122 0 0 3769 -29 49 -64
66.517 125 GPS_INT 0 0 0 0 0 0 0 0 0 0 0 0 0 0 0 0
66.562 125 DL_VALUE 14 0.5
66.586 125 ROTORCRAFT_FP 0 0 -97 0 0 43727 -111 178 3 0 0 25 3 0 0
66.637 125 INS 0 0 95 0 0 -44274 52 52 1
66.697 125 ENERGY 12.5 0. 0 0.
66.836 125 GPS_INT 0 0 0 0 0 0 0 0 0 0 0 0 0 0 0 0
66.845 125 ROTORCRAFT_STATUS 0 0 2 0 0 13 0 0 4 5 125 72
66.903 125 STATE_FILTER_STATUS 3 2
66.920 125 ROTORCRAFT_FP 0 0 -163 0 0 -79032 -111 178 4 0 0 25 4 0 0
66.928 125 INS 0 0 187 0 0 115817 -27 -26 31
67.026 125 LINK_REPORT 125 0 67 0 46857 1032 0 696. 16. 0 37.13
67.114 125 GPS_INT 0 0 0 0 0 0 0 0 0 0 0 0 0 0 0 0
67.131 125 ROTORCRAFT_FP 0 0 -188 0 0 -99653 -111 178 4 0 0 25 4 0 0
67.158 125 INS 0 0 189 0 0 95358 51 52 22
67.239 125 WP_MOVED_ENU 3 -535 -1269 256
67.267 125 GPS_INT 0 0 0 0 0 0 0 0 0 0 0 0 0 0 0 0
67.421 125 ROTORCRAFT_NAV_STATUS 71 0 0. 0. 0 2 0
67.458 125 ROTORCRAFT_FP 0 0 -175 0 0 -55007 -111 178 4 0 0 25 4 0 0
67.459 125 INS 0 0 193 0 0 83230 48 50 -56
67.510 125 DATALINK_REPORT 0 0 1216 764 0
67.520 125 GPS_INT 0 0 0 0 0 0 0 0 0 0 0 0 0 0 0 0
67.643 125 INS_REF 392433159 30036171 500219722 519906340 43767889 45103 0 102939.
67.645 125 ROTORCRAFT_FP 0 0 -142 0 0 11564 -111 178 4 0 0 25 4 0 0
67.662 125 INS 0 0 196 0 0 78997 -103 53 27
67.702 125 DL_VALUE 15 1.169371
67.803 125 GPS_INT 0 0 0 0 0 0 0 0 0 0 0 0 0 0 0 0
67.877 125 ROTORCRAFT_FP 0 0 -161 0 0 -2627 -110 178 4 0 0 25 4 0 0
68.027 125 LINK_REPORT 125 0 68 0 47591 1048 0 734. 16. 0 37.13
68.049 125 INS 0 0 160 0 0 -906 -25 -24 16
68.072 125 ROTORCRAFT_STATUS 0 0 2 0 0 13 0 0 4 5 125 74
68.073 125 GPS_INT 0 0 0 0 0 0 0 0 0 0 0 0 0 0 0 0
68.127 125 ROTORCRAFT_FP 0 0 -110 0 0 87130 -110 178 4 0 0 25 4 0 0
68.310 125 INS 0 0 108 0 0 -87203 49 52 -77
68.346 125 ALIVE 176,154,94,114,86,170,70,95,114,243,202,226,114,160,1,244
68.374 125 GPS_INT 0 0 0 0 0 0 0 0 0 0 0 0 0 0 0 0
68.383 125 ROTORCRAFT_FP 0 0 -83 0 0 118159 -110 178 4 0 0 25 4 0 0
68.439 125 INS 0 0 103 0 0 -80864 -25 55 3
68.586 125 GPS_INT 0 0 0 0 0 0 0 0 0 0 0 0 0 0 0 0
68.587 125 WP_MOVED_ENU 4 1379 -2818 256
68.626 125 ROTORCRAFT_FP 0 0 -135 0 0 23748 -109 178 4 0 0 25 4 0 0
68.912 125 ROTORCRAFT_FP 0 0 -119 0 0 47550 -109 178 4 0 0 25 4 0 0
68.929 125 GPS_INT 0 0 0 0 0 0 0 0 0 0 0 0 0 0 0 0
68.946 125 DL_VALUE 16 0.85
69.016 125 ROTORCRAFT_NAV_STATUS 72 0 0. 0. 0 2 0
69.026 125 INS 0 0 158 0 0 18749 -25 57 17
69.027 125 LINK_REPORT 125 0 69 0 48360 1065 0 769. 17. 0 37.13
69.116 125 GPS_INT 0 0 0 0 0 0 0 0 0 0 0 0 0 0 0 0
69.339 125 ROTORCRAFT_FP 0 0 -223 0 0 -116597 -108 178 4 0 0 25 4 0 0
69.346 125 INS 0 0 220 0 0 106154 -28 -22 -45
69.347 125 ROTORCRAFT_STATUS 0 0 2 0 0 13 0 0 4 5 125 75
69.391 125 ENERGY 12.5 0. 0 0.
69.418 125 GPS_INT 0 0 0 0 0 0 0 0 0 0 0 0 0 0 0 0
69.607 125 ROTORCRAFT_FP 0 0 -190 0 0 -42723 -108 178 4 0 0 25 4 0 0
69.617 125 INS 0 0 194 0 0 48049 -25 -19 24
69.618 125 GPS_INT 0 0 0 0 0 0 0 0 0 0 0 0 0 0 0 0
69.699 125 ROTORCRAFT_FP 0 0 -234 0 0 -104942 -108 178 4 0 0 25 4 0 0
69.700 125 INS 0 0 279 0 0 175150 -25 -18 39
69.815 125 GPS_INT 0 0 0 0 0 0 0 0 0 0 0 0 0 0 0 0
69.904 125 WP_MOVED_ENU 5 317 143 256
69.906 125 ROTORCRAFT_FP 0 0 -211 0 0 -49792 -108 178 5 0 0 25 5 0 0
69.933 125 DL_VALUE 17 116.
70.028 125 LINK_REPORT 125 0 70 0 49063 1080 0 703. 15. 0 37.13
70.048 125 INS 0 0 244 0 0 101615 -21 -15 108
70.065 125 STATE_FILTER_STATUS 3 2
70.075 125 GPS_INT 0 0 0 0 0 0 0 0 0 0 0 0 0 0 0 0
70.164 125 ROTORCRAFT_FP 0 0 -192 0 0 -7456 -107 178 5 0 0 25 5 0 0
70.221 125 INS 0 0 191 0 0 4643 -29 -19 -58
70.424 125 ALIVE 176,154,94,114,86,170,70,95,114,243,202,226,114,160,1,244
70.444 125 ROTORCRAFT_FP 0 0 -263 0 0 -101984 -107 178 5 0 0 25 5 0 0
70.446 125 ROTORCRAFT_STATUS 0 0 2 0 0 13 0 0 4 5 125 76
70.467 125 INS 0 0 214 0 0 19921 -25 -15 20
70.556 125 PONG 
70.619 125 ROTORCRAFT_NAV_STATUS 74 0 0. 0. 0 2 0
70.621 125 GPS_INT 0 0 0 0 0 0 0 0 0 0 0 0 0 0 0 0
70.660 125 ROTORCRAFT_FP 0 0 -198 0 0 7688 -106 178 5 0 0 25 5 0 0
70.836 125 GPS_INT 0 0 0 0 0 0 0 0 0 0 0 0 0 0 0 0
70.975 125 ROTORCRAFT_FP 0 0 -208 0 0 3272 -106 177 6 0 0 25 6 0 0
70.976 125 INS 0 0 245 0 0 54527 -24 -13 26
71.029 125 LINK_REPORT 125 0 71 0 49755 1096 0 692. 16. 0 62.9
71.042 125 DL_VALUE 18 60.
71.066 125 GPS_INT 0 0 0 0 0 0 0 0 0 0 0 0 0 0 0 0
71.202 125 ROTORCRAFT_FP 0 0 -254 0 0 -50359 -105 177 6 0 0 25 6 0 0
71.274 125 WP_MOVED_ENU 6 -386 -284 256
71.276 125 INS 0 0 232 0 0 13638 55 -13 18
71.316 125 GPS_INT 0 0 0 0 0 0 0 0 0 0 0 0 0 0 0 0
71.531 125 ROTORCRAFT_FP 0 0 -226 0 0 930 -105 177 6 0 0 25 6 0 0
71.548 125 INS 0 0 266 0 0 63206 -26 -14 -49
71.573 125 GPS_INT 0 0 0 0 0 0 0 0 0 0 0 0 0 0 0 0
71.625 125 ROTORCRAFT_STATUS 0 0 2 0 0 13 0 0 4 5 126 77
71.677 125 ROTORCRAFT_FP 0 0 -245 0 0 -14825 -105 177 6 0 0 25 6 0 0
71.753 125 INS 0 0 203 0 0 -51493 132 67 7
71.798 125 ENERGY 12.5 0. 0 0.
71.843 125 GPS_INT 0 0 0 0 0 0 0 0 0 0 0 0 0 0 0 0
71.952 125 ROTORCRAFT_FP 0 0 -173 0 0 84282 -105 177 5 0 0 25 5 0 0
72.030 125 LINK_REPORT 125 0 72 0 50458 1111 0 703. 15. 0 62.9
72.397 125 ROTORCRAFT_FP 0 0 -108 0 0 148285 -104 177 5 0 0 25 5 0 0
72.398 125 INS 0 0 145 0 0 -85881 -21 -8 89
72.691 125 WP_MOVED_ENU 7 -773 399 256
72.930 125 GPS_INT 0 0 0 0 0 0 0 0 0 0 0 0 0 0 0 0
72.956 125 INS 0 0 140 0 0 -55144 -25 -8 14
72.965 125 DATALINK_REPORT 0 0 1302 761 0
72.975 125 ROTORCRAFT_FP 0 0 -135 0 0 64331 -103 178 6 0 0 25 6 0 0
72.976 125 INS_REF 392433159 30036171 500219722 519906340 43767889 45103 0 102939.
73.005 125 GPS_INT 0 0 0 0 0 0 0 0 0 0 0 0 0 0 0 0
73.031 125 LINK_REPORT 125 0 73 0 50866 1120 0 408. 9. 0 62.9
73.100 125 ROTORCRAFT_STATUS 0 0 2 0 0 13 0 0 4 5 125 78
73.340 125 ROTORCRAFT_FP 0 0 -201 0 0 -42207 -103 178 6 0 0 25 6 0 0
73.359 125 INS 0 0 180 0 0 9709 -25 -6 21
73.369 125 GPS_INT 0 0 0 0 0 0 0 0 0 0 0 0 0 0 0 0
73.597 125 ROTORCRAFT_FP 0 0 -181 0 0 -12964 -102 178 6 0 0 25 6 0 0
73.616 125 INS 0 0 178 0 0 8387 56 75 93
73.617 125 DL_VALUE 20 0.
73.626 125 STATE_FILTER_STATUS 3 2
73.627 125 GPS_INT 0 0 0 0 0 0 0 0 0 0 0 0 0 0 0 0
73.636 125 ROTORCRAFT_FP 0 0 -118 0 0 77119 -102 178 6 0 0 25 6 0 0
73.810 125 INS 0 0 134 0 0 -50231 49 72 -67
73.928 125 GPS_INT 0 0 0 0 0 0 0 0 0 0 0 0 0 0 0 0
73.938 125 ROTORCRAFT_FP 0 0 -168 0 0 -4738 -101 178 6 0 0 25 6 0 0
74.031 125 LINK_REPORT 125 0 74 0 51477 1133 0 611. 13. 0 62.9
74.087 125 INS 0 0 183 0 0 26955 53 75 17
74.096 125 ROTORCRAFT_NAV_STATUS 77 0 0. 0. 0 2 0
74.113 125 AUTOPILOT_VERSION 50401 v5.4.1_stable-4-ga603c8e-dirty
74.138 125 WP_MOVED_ENU 8 -87 826 256
74.147 125 GPS_INT 0 0 0 0 0 0 0 0 0 0 0 0 0 0 0 0
74.182 125 ROTORCRAFT_FP 0 0 -204 0 0 -55978 -101 178 6 0 0 25 6 0 0
74.191 125 INS 0 0 197 0 0 42704 -180 -79 32
74.390 125 ROTORCRAFT_STATUS 0 0 2 0 0 13 0 0 4 5 125 80
74.391 125 GPS_INT 0 0 0 0 0 0 0 0 0 0 0 0 0 0 0 0
74.401 125 ROTORCRAFT_FP 0 0 -175 0 0 -7506 -100 178 6 0 0 25 6 0 0
74.410 125 INS 0 0 174 0 0 7291 133 79 89
74.418 125 ENERGY 12.5 0. 0 0.
74.681 125 GPS_INT 0 0 0 0 0 0 0 0 0 0 0 0 0 0 0 0
74.697 125 DL_VALUE 21 62.
74.716 125 ROTORCRAFT_FP 0 0 -123 0 0 69583 -100 178 6 0 0 25 6 0 0
74.718 125 INS 0 0 126 0 0 -60114 -26 77 12
74.728 125 ALIVE 176,154,94,114,86,170,70,95,114,243,202,226,114,160,1,244
74.762 125 GPS_INT 0 0 0 0 0 0 0 0 0 0 0 0 0 0 0 0
74.964 125 ROTORCRAFT_FP 0 0 -156 0 0 7404 -100 178 6 0 0 25 6 0 0
74.980 125 INS 0 0 161 0 0 167 -25 1 18
75.007 125 GPS_INT 0 0 0 0 0 0 0 0 0 0 0 0 0 0 0 0
75.031 125 LINK_REPORT 125 0 75 0 52411 1154 0 934. 21. 0 62.9
75.227 125 ROTORCRAFT_FP 0 0 -223 0 0 -90234 -99 178 6 0 0 25 6 0 0
75.262 125 INS 0 0 199 0 0 52260 51 80 18
75.304 125 GPS_INT 0 0 0 0 0 0 0 0 0 0 0 0 0 0 0 0
75.313 125 WP_MOVED_ENU 9 824 28 256
75.671 125 ROTORCRAFT_FP 0 0 -104 0 0 79448 -99 178 5 0 0 25 5 0 0
75.680 125 ROTORCRAFT_STATUS 0 0 2 0 0 13 0 0 4 5 125 81
75.690 125 INS 0 0 66 0 0 -132824 -27 2 5
75.708 125 GPS_INT 0 0 0 0 0 0 0 0 0 0 0 0 0 0 0 0
75.726 125 ROTORCRAFT_NAV_STATUS 79 0 0. 0. 0 2 0
75.734 125 ROTORCRAFT_FP 0 0 -25 0 0 172008 -99 178 5 0 0 25 5 0 0
75.935 125 PONG 
75.953 125 DL_VALUE 22 0.
75.988 125 INS 0 0 27 0 0 -162045 -26 2 2
75.996 125 GPS_INT 0 0 0 0 0 0 0 0 0 0 0 0 0 0 0 0
76.005 125 ROTORCRAFT_FP 0 0 -158 0 0 -38932 -99 178 5 0 0 25 5 0 0
76.032 125 LINK_REPORT 125 0 76 0 53059 1169 0 648. 15. 0 441.87
76.249 125 GPS_INT 0 0 0 0 0 0 0 0 0 0 0 0 0 0 0 0
76.266 125 ROTORCRAFT_FP 0 0 -203 0 0 -83584 -98 178 5 0 0 25 5 0 0
76.382 125 INS 0 0 234 0 0 127966 -26 82 27
76.476 125 GPS_INT 0 0 0 0 0 0 0 0 0 0 0 0 0 0 0 0
76.581 125 ROTORCRAFT_FP 0 0 -262 0 0 -156787 -98 178 4 0 0 25 4 0 0
76.582 125 INS 0 0 246 0 0 130085 51 83 22
76.630 125 GPS_INT 0 0 0 0 0 0 0 0 0 0 0 0 0 0 0 0
76.630 125 STATE_FILTER_STATUS 3 2
76.632 125 INS 0 0 247 0 0 114957 -26 6 27
76.633 125 WP_MOVED_ENU 10 -509 -796 256
76.634 125 ROTORCRAFT_STATUS 0 0 2 0 0 13 0 0 4 5 125 82
76.635 125 ROTORCRAFT_FP 0 0 -214 0 0 -67986 -97 178 4 0 0 25 4 0 0
76.690 125 DL_VALUE 23 0.
76.691 125 GPS_INT 0 0 0 0 0 0 0 0 0 0 0 0 0 0 0 0
76.808 125 ALIVE 176,154,94,114,86,170,70,95,114,243,202,226,114,160,1,244
76.827 125 ROTORCRAFT_FP 0 0 -300 0 0 -174980 -97 178 4 0 0 25 4 0 0
76.844 125 INS 0 0 295 0 0 161648 -27 85 28
76.872 125 ENERGY 12.5 0. 0 0.
76.939 125 GPS_INT 0 0 0 0 0 0 0 0 0 0 0 0 0 0 0 0
77.033 125 LINK_REPORT 125 0 77 0 53898 1188 0 839. 19. 0 441.87
77.087 125 ROTORCRAFT_FP 0 0 -230 0 0 -55024 -96 178 4 0 0 25 4 0 0
77.089 125 ROTORCRAFT_NAV_STATUS 80 0 0. 0. 0 2 0
77.107 125 INS 0 0 243 0 0 71896 -27 8 22
77.171 125 GPS_INT 0 0 0 0 0 0 0 0 0 0 0 0 0 0 0 0
77.366 125 ROTORCRAFT_FP 0 0 -184 0 0 16139 -96 178 5 0 0 25 5 0 0
77.383 125 INS 0 0 203 0 0 10982 -26 87 15
77.451 125 GPS_INT 0 0 0 0 0 0 0 0 0 0 0 0 0 0 0 0
77.525 125 ROTORCRAFT_FP 0 0 -221 0 0 -32905 -95 178 5 0 0 25 5 0 0
77.611 125 INS 0 0 232 0 0 47834 -24 11 20
77.682 125 GPS_INT 0 0 0 0 0 0 0 0 0 0 0 0 0 0 0 0
77.750 125 ROTORCRAFT_STATUS 0 0 2 0 0 13 0 0 4 5 125 83
77.759 125 DL_VALUE 24 0.1
77.788 125 ROTORCRAFT_FP 0 0 -244 0 0 -63344 -95 177 5 0 0 25 5 0 0
77.824 125 WP_MOVED_ENU 11 -1351 512 256
77.851 125 INS 0 0 250 0 0 70670 54 12 18
77.972 125 DATALINK_REPORT 0 0 1391 780 0
77.981 125 GPS_INT 0 0 0 0 0 0 0 0 0 0 0 0 0 0 0 0
77.990 125 INS_REF 392433159 30036171 500219722 519906340 43767889 45103 0 102939.
78.033 125 LINK_REPORT 125 0 78 0 54697 1206 0 799. 18. 0 441.87
78.055 125 ROTORCRAFT_FP 0 0 -262 0 0 -77966 -94 177 5 0 0 25 5 0 0
78.121 125 INS 0 0 249 0 0 56395 -28 89 -58
78.253 125 GPS_INT 0 0 0 0 0 0 0 0 0 0 0 0 0 0 0 0
78.299 125 ROTORCRAFT_FP 0 0 -182 0 0 42637 -94 177 5 0 0 25 5 0 0
78.352 125 INS 0 0 151 0 0 -86137 -24 92 7
78.569 125 GPS_INT 0 0 0 0 0 0 0 0 0 0 0 0 0 0 0 0
78.574 125 ROTORCRAFT_FP 0 0 -177 0 0 41593 -93 177 5 0 0 25 5 0 0
78.593 125 INS 0 0 197 0 0 -12412 -23 16 15
78.945 125 DL_VALUE 25 4.
78.954 125 ALIVE 176,154,94,114,86,170,70,95,114,243,202,226,114,160,1,244
79.034 125 LINK_REPORT 125 0 79 0 55173 1216 0 476. 10. 0 441.87
79.119 125 ROTORCRAFT_STATUS 0 0 2 0 0 13 0 0 4 5 125 84
79.128 125 GPS_INT 0 0 0 0 0 0 0 0 0 0 0 0 0 0 0 0
79.136 125 ROTORCRAFT_FP 0 0 -209 0 0 10220 -92 176 3 0 0 25 3 0 0
79.146 125 INS 0 0 224 0 0 11933 -22 -61 19
79.191 125 WP_MOVED_ENU 12 35 1338 256
79.225 125 GPS_INT 0 0 0 0 0 0 0 0 0 0 0 0 0 0 0 0
79.314 125 ROTORCRAFT_FP 0 0 -212 0 0 9614 -91 176 4 0 0 25 4 0 0
79.472 125 INS 0 0 216 0 0 -3191 -23 98 14
79.473 125 ENERGY 12.5 0. 0 0.
79.475 125 GPS_INT 0 0 0 0 0 0 0 0 0 0 0 0 0 0 0 0
79.559 125 ROTORCRAFT_FP 0 0 -258 0 0 -56129 -91 176 4 0 0 25 4 0 0
79.662 125 INS 0 0 260 0 0 54197 -103 20 -52
79.714 125 GPS_INT 0 0 0 0 0 0 0 0 0 0 0 0 0 0 0 0
79.814 125 STATE_FILTER_STATUS 3 2
79.840 125 ROTORCRAFT_FP 0 0 -224 0 0 2790 -90 176 4 0 0 25 4 0 0
79.875 125 INS 0 0 255 0 0 41391 -99 22 23
79.992 125 GPS_INT 0 0 0 0 0 0 0 0 0 0 0 0 0 0 0 0
79.992 125 DL_VALUE 26 5.
80.034 125 LINK_REPORT 125 0 80 0 55989 1234 0 816. 18. 0 441.87
80.081 125 ROTORCRAFT_FP 0 0 -296 0 0 -83113 -89 175 4 0 0 25 4 0 0
80.134 125 INS 0 0 250 0 0 16962 -19 103 17
80.174 125 ROTORCRAFT_STATUS 0 0 2 0 0 13 0 0 4 5 125 86
80.294 125 GPS_INT 0 0 0 0 0 0 0 0 0 0 0 0 0 0 0 0
80.385 125 INS 0 0 225 0 0 -13818 -18 25 15
80.475 125 WP_MOVED_ENU 0 10956 10549 256
80.476 125 GPS_INT 0 0 0 0 0 0 0 0 0 0 0 0 0 0 0 0
80.616 125 PONG 
80.635 125 ROTORCRAFT_FP 0 0 -175 0 0 74630 -89 175 3 0 0 25 3 0 0
80.636 125 INS 0 0 181 0 0 -65184 -21 24 -63
80.726 125 GPS_INT 0 0 0 0 0 0 0 0 0 0 0 0 0 0 0 0
80.916 125 ROTORCRAFT_FP 0 0 -223 0 0 7277 -88 174 3 0 0 25 3 0 0
80.916 125 INS 0 0 232 0 0 5257 -95 27 21
80.982 125 GPS_INT 0 0 0 0 0 0 0 0 0 0 0 0 0 0 0 0
81.027 125 ALIVE 176,154,94,114,86,170,70,95,114,243,202,226,114,160,1,244
81.035 125 LINK_REPORT 125 0 81 0 56668 1249 0 679. 15. 0 121.65
81.209 125 ROTORCRAFT_FP 0 0 -145 0 0 111294 -88 174 3 0 0 25 3 0 0
81.236 125 DL_VALUE 27 400.
81.245 125 INS 0 0 191 0 0 -47270 -19 27 -62
81.271 125 GPS_INT 0 0 0 0 0 0 0 0 0 0 0 0 0 0 0 0
81.351 125 ROTORCRAFT_FP 0 0 -178 0 0 65832 -87 173 3 0 0 25 3 0 0
81.565 125 ROTORCRAFT_STATUS 0 0 2 0 0 13 0 0 4 5 125 87
81.566 125 INS 0 0 190 0 0 -49099 -18 28 -61
81.567 125 GPS_INT 0 0 0 0 0 0 0 0 0 0 0 0 0 0 0 0
81.650 125 INS 0 0 212 0 0 -21596 -15 30 -59
81.768 125 GPS_INT 0 0 0 0 0 0 0 0 0 0 0 0 0 0 0 0
81.770 125 WP_MOVED_ENU 1 0 0 256
81.845 125 ROTORCRAFT_FP 0 0 -211 0 0 23806 -86 172 3 0 0 25 3 0 0
81.904 125 INS 0 0 201 0 0 -36991 -11 33 16
82.036 125 LINK_REPORT 125 0 82 0 57267 1262 0 599. 13. 0 121.65
82.273 125 GPS_INT 0 0 0 0 0 0 0 0 0 0 0 0 0 0 0 0
82.275 125 ROTORCRAFT_FP 0 0 -218 0 0 -1219 -86 172 3 0 0 25 3 0 0
82.283 125 INS 0 0 256 0 0 53827 67 33 17
82.283 125 DL_VALUE 28 400.
82.293 125 GPS_INT 0 0 0 0 0 0 0 0 0 0 0 0 0 0 0 0
82.484 125 ROTORCRAFT_FP 0 0 -241 0 0 -27419 -85 172 3 0 0 25 3 0 0
82.492 125 INS 0 0 231 0 0 13051 -11 34 18
82.518 125 GPS_INT 0 0 0 0 0 0 0 0 0 0 0 0 0 0 0 0
82.604 125 ROTORCRAFT_STATUS 0 0 2 0 0 13 0 0 4 5 125 88
82.694 125 INS 0 0 215 0 0 -7123 -9 35 16
82.774 125 GPS_INT 0 0 0 0 0 0 0 0 0 0 0 0 0 0 0 0
82.947 125 ROTORCRAFT_FP 0 0 -169 0 0 64410 -84 171 2 0 0 25 2 0 0
82.975 125 INS 0 0 200 0 0 -20637 -8 114 14
83.036 125 GPS_INT 0 0 0 0 0 0 0 0 0 0 0 0 0 0 0 0
83.036 125 LINK_REPORT 125 0 83 0 57971 1276 0 704. 14. 0 121.65
83.062 125 STATE_FILTER_STATUS 3 2
83.071 125 DATALINK_REPORT 0 0 1475 43296 0
83.096 125 WP_MOVED_ENU 2 23 1280 256
83.122 125 ROTORCRAFT_FP 0 0 -185 0 0 31669 -84 170 2 0 0 25 2 0 0
83.249 125 ALIVE 176,154,94,114,86,170,70,95,114,243,202,226,114,160,1,244
83.258 125 INS_REF 392433159 30036171 500219722 519906340 43767889 45103 0 102939.
83.266 125 INS 0 0 186 0 0 -31496 -88 -43 -56
83.308 125 GPS_INT 0 0 0 0 0 0 0 0 0 0 0 0 0 0 0 0
83.352 125 DL_VALUE 29 350.
83.370 125 ROTORCRAFT_FP 0 0 -231 0 0 -29036 -83 170 3 0 0 25 3 0 0
83.562 125 INS 0 0 237 0 0 37081 -7 39 20
83.562 125 GPS_INT 0 0 0 0 0 0 0 0 0 0 0 0 0 0 0 0
83.563 125 ROTORCRAFT_NAV_STATUS 87 0 0. 0. 0 2 0
83.628 125 ROTORCRAFT_FP 0 0 -227 0 0 -19718 -83 169 3 0 0 25 3 0 0
83.679 125 INS 0 0 202 0 0 -14135 -5 40 16
83.806 125 GPS_INT 0 0 0 0 0 0 0 0 0 0 0 0 0 0 0 0
83.851 125 ROTORCRAFT_STATUS 0 0 2 0 0 13 0 0 4 5 125 89
83.895 125 ROTORCRAFT_FP 0 0 -287 0 0 -97168 -71 163 -69 0 0 25 -69 0 0
84.037 125 LINK_REPORT 125 0 84 0 58698 1294 0 727. 18. 0 121.65
84.081 125 GPS_INT 0 0 0 0 0 0 0 0 0 0 0 0 0 0 0 0
84.150 125 ROTORCRAFT_FP 0 0 -227 0 0 75949 -518 30 248 0 0 25 248 0 0
84.211 125 INS 0 0 234 0 0 -56489 916 842 895
84.312 125 GPS_INT 0 0 0 0 0 0 0 0 0 0 0 0 0 0 0 0
84.405 125 ROTORCRAFT_FP 0 0 -295 0 0 -70115 -364 -275 -132 0 0 25 -132 0 0
84.415 125 WP_MOVED_ENU 3 -535 -1269 256
84.469 125 INS 0 0 320 0 0 109447 -95 -24 165
84.469 125 DL_VALUE 30 75.
84.489 125 ENERGY 12.5 0. 0 0.
84.537 125 GPS_INT 0 0 0 0 0 0 0 0 0 0 0 0 0 0 0 0
84.640 125 ROTORCRAFT_FP 0 0 -233 0 0 -10344 -118 76 -313 0 0 25 -313 0 0
84.729 125 INS 0 0 226 0 0 16952 -83 557 153
84.791 125 GPS_INT 0 0 0 0 0 0 0 0 0 0 0 0 0 0 0 0
84.909 125 ROTORCRAFT_FP 0 0 -252 0 0 49346 -764 -114 -383 0 0 25 -383 0 0
85.008 125 INS 0 0 237 0 0 -110364 -506 -16 -1554
85.038 125 LINK_REPORT 125 0 85 0 59420 1309 0 722. 15. 0 121.65
85.073 125 ROTORCRAFT_STATUS 0 0 2 0 0 13 0 0 4 5 125 90
85.085 125 GPS_INT 0 0 0 0 0 0 0 0 0 0 0 0 0 0 0 0
85.105 125 AUTOPILOT_VERSION 50401 v5.4.1_stable-4-ga603c8e-dirty
85.168 125 ROTORCRAFT_FP 0 0 -158 0 0 294555 -2667 -1089 180 0 0 25 180 0 0
85.195 125 ROTORCRAFT_NAV_STATUS 88 0 0. 0. 0 2 0
85.245 125 INS 0 0 126 0 0 -315182 965 763 895
85.300 125 ALIVE 176,154,94,114,86,170,70,95,114,243,202,226,114,160,1,244
85.353 125 GPS_INT 0 0 0 0 0 0 0 0 0 0 0 0 0 0 0 0
85.449 125 ROTORCRAFT_FP 0 0 -171 0 0 91513 -4517 -1006 -194 0 0 25 -194 0 0
85.457 125 INS 0 0 193 0 0 -56276 -560 -217 -36
85.564 125 GPS_INT 0 0 0 0 0 0 0 0 0 0 0 0 0 0 0 0
85.565 125 PONG 
85.568 125 DL_VALUE 31 75.
85.707 125 INS 0 0 178 0 0 -79174 513 803 -368
85.751 125 WP_MOVED_ENU 4 1379 -2818 256
85.963 125 INS 0 0 174 0 0 -81243 5 518 -173
86.039 125 LINK_REPORT 125 0 86 0 60046 1325 0 626. 16. 0 70.26
86.069 125 GPS_INT 0 0 0 0 0 0 0 0 0 0 0 0 0 0 0 0
86.167 125 ROTORCRAFT_FP 0 0 -163 0 0 60213 -4123 -134 350 0 0 25 350 0 0
86.220 125 INS 0 0 120 0 0 -111135 35 310 197
86.272 125 ROTORCRAFT_STATUS 0 0 2 0 0 13 0 0 4 5 125 92
86.401 125 STATE_FILTER_STATUS 3 2
86.403 125 GPS_INT 0 0 0 0 0 0 0 0 0 0 0 0 0 0 0 0
86.469 125 ROTORCRAFT_FP 0 0 -218 0 0 -17870 -2875 -913 857 0 0 25 857 0 0
86.479 125 INS 0 0 181 0 0 -30116 -1152 1621 -618
86.564 125 GPS_INT 0 0 0 0 0 0 0 0 0 0 0 0 0 0 0 0
86.689 125 ROTORCRAFT_FP 0 0 -257 0 0 -16970 -2238 116 1126 0 0 25 1126 0 0
86.689 125 DL_VALUE 32 50.
86.730 125 INS 0 0 214 0 0 -51005 118 980 -329
86.835 125 ROTORCRAFT_NAV_STATUS 90 0 0. 0. 0 2 0
86.852 125 GPS_INT 0 0 0 0 0 0 0 0 0 0 0 0 0 0 0 0
86.925 125 ROTORCRAFT_FP 0 0 -174 0 0 196732 -2090 -327 2263 0 0 25 2263 0 0
87.040 125 LINK_REPORT 125 0 87 0 60740 1340 0 694. 15. 0 70.26
87.206 125 INS 0 0 146 0 0 -228620 1305 -607 690
87.232 125 ENERGY 12.5 0. 0 0.
87.249 125 WP_MOVED_ENU 5 317 143 256
87.251 125 GPS_INT 0 0 0 0 0 0 0 0 0 0 0 0 0 0 0 0
87.278 125 ROTORCRAFT_FP 0 0 -178 0 0 15690 -2663 -470 2932 0 0 25 2932 0 0
87.311 125 INS 0 0 221 0 0 54633 -622 96 241
87.444 125 GPS_INT 0 0 0 0 0 0 0 0 0 0 0 0 0 0 0 0
87.454 125 ALIVE 176,154,94,114,86,170,70,95,114,243,202,226,114,160,1,244
87.455 125 ROTORCRAFT_FP 0 0 -202 0 0 -22421 -2526 -406 3271 0 0 25 3271 0 0
87.490 125 ROTORCRAFT_STATUS 0 0 2 0 0 13 0 0 4 5 125 93
87.491 125 INS 0 0 249 0 0 79318 99 807 40
87.615 125 GPS_INT 0 0 0 0 0 0 0 0 0 0 0 0 0 0 0 0
87.674 125 ROTORCRAFT_FP 0 0 -274 0 0 -111347 -2470 -453 3275 0 0 25 3275 0 0
87.935 125 GPS_INT 0 0 0 0 0 0 0 0 0 0 0 0 0 0 0 0
87.963 125 ROTORCRAFT_FP 0 0 -314 0 0 -139113 -2268 -616 2891 0 0 25 2891 0 0
87.998 125 INS 0 0 294 0 0 93730 -628 -317 -634
88.040 125 LINK_REPORT 125 0 88 0 61497 1356 0 757. 16. 0 70.26
88.087 125 GPS_INT 0 0 0 0 0 0 0 0 0 0 0 0 0 0 0 0
88.241 125 ROTORCRAFT_FP 0 0 -240 0 0 54095 -2386 -570 3135 0 0 25 3135 0 0
88.267 125 DATALINK_REPORT 0 0 1562 769 0
88.353 125 INS 0 0 241 0 0 -55126 100 786 -22
88.356 125 INS_REF 392433159 30036171 500219722 519906340 43767889 45103 0 102939.
88.374 125 GPS_INT 0 0 0 0 0 0 0 0 0 0 0 0 0 0 0 0
88.390 125 WP_MOVED_ENU 6 -386 -284 256
88.433 125 ROTORCRAFT_NAV_STATUS 92 0 0. 0. 0 2 0
88.587 125 ROTORCRAFT_FP 0 0 -252 0 0 19709 -2516 -603 3466 0 0 25 3466 0 0
88.588 125 INS 0 0 255 0 0 -12438 -281 624 28
88.590 125 GPS_INT 0 0 0 0 0 0 0 0 0 0 0 0 0 0 0 0
88.750 125 INS 0 0 172 0 0 -89436 -134 275 393
88.844 125 GPS_INT 0 0 0 0 0 0 0 0 0 0 0 0 0 0 0 0
88.944 125 DL_VALUE 34 300.
88.953 125 ROTORCRAFT_FP 0 0 -217 0 0 -2008 -2409 -432 3179 0 0 25 3179 0 0
89.041 125 LINK_REPORT 125 0 89 0 62167 1371 0 670. 15. 0 70.26
89.088 125 INS 0 0 178 0 0 -50601 -603 -41 271
89.170 125 GPS_INT 0 0 0 0 0 0 0 0 0 0 0 0 0 0 0 0
89.199 125 ROTORCRAFT_FP 0 0 -225 0 0 -24993 -2239 249 3114 0 0 25 3114 0 0
89.295 125 INS 0 0 207 0 0 -22826 218 -54 -642
89.407 125 GPS_INT 0 0 0 0 0 0 0 0 0 0 0 0 0 0 0 0
89.461 125 ROTORCRAFT_FP 0 0 -158 0 0 86798 -2150 -70 3069 0 0 25 3069 0 0
89.505 125 INS 0 0 118 0 0 -146900 275 553 -586
89.558 125 STATE_FILTER_STATUS 3 2
89.560 125 ALIVE 176,154,94,114,86,170,70,95,114,243,202,226,114,160,1,244
89.561 125 ENERGY 12.5 0. 0 0.
89.701 125 GPS_INT 0 0 0 0 0 0 0 0 0 0 0 0 0 0 0 0
89.709 125 WP_MOVED_ENU 7 -773 399 256
89.730 125 ROTORCRAFT_FP 0 0 -83 0 0 204386 -2428 -288 2593 0 0 25 2593 0 0
89.804 125 INS 0 0 123 0 0 -120580 -163 -446 432
89.901 125 GPS_INT 0 0 0 0 0 0 0 0 0 0 0 0 0 0 0 0
90.034 125 INS 0 0 25 0 0 -222569 178 -526 -509
90.041 125 LINK_REPORT 125 0 90 0 62888 1387 0 721. 16. 0 70.26
90.043 125 DL_VALUE 35 300.
90.053 125 ROTORCRAFT_NAV_STATUS 93 0 0. 0. 0 2 0
90.151 125 GPS_INT 0 0 0 0 0 0 0 0 0 0 0 0 0 0 0 0
90.268 125 ROTORCRAFT_FP 0 0 -101 0 0 144630 -2458 3 2491 0 0 25 2491 0 0
90.294 125 INS 0 0 112 0 0 -129534 -567 573 53
90.377 125 GPS_INT 0 0 0 0 0 0 0 0 0 0 0 0 0 0 0 0
90.555 125 ROTORCRAFT_FP 0 0 -63 0 0 151004 -2481 -149 2532 0 0 25 2532 0 0
90.556 125 INS 0 0 100 0 0 -110887 -1410 -236 185
90.558 125 PONG 
90.658 125 GPS_INT 0 0 0 0 0 0 0 0 0 0 0 0 0 0 0 0
90.735 125 ROTORCRAFT_FP 0 0 -95 0 0 160661 -2152 -362 2551 0 0 25 2551 0 0
90.931 125 INS 0 0 79 0 0 -174314 1459 50 588
90.943 125 GPS_INT 0 0 0 0 0 0 0 0 0 0 0 0 0 0 0 0
90.998 125 ROTORCRAFT_FP 0 0 -151 0 0 17578 -2304 93 2174 0 0 25 2174 0 0
91.014 125 WP_MOVED_ENU 8 -87 826 256
91.042 125 LINK_REPORT 125 0 91 0 63575 1402 0 687. 15. 0 62.09
91.043 125 INS 0 0 151 0 0 -30947 -158 -296 -764
91.166 125 ROTORCRAFT_STATUS 0 0 2 0 0 13 0 0 4 5 125 96
91.174 125 GPS_INT 0 0 0 0 0 0 0 0 0 0 0 0 0 0 0 0
91.182 125 DL_VALUE 36 1218.
91.310 125 INS 0 0 140 0 0 -43918 -172 247 159
91.429 125 GPS_INT 0 0 0 0 0 0 0 0 0 0 0 0 0 0 0 0
91.495 125 ROTORCRAFT_FP 0 0 -58 0 0 103282 -2787 610 1700 0 0 25 1700 0 0
91.556 125 INS 0 0 98 0 0 -83848 -880 -150 -1367
91.769 125 GPS_INT 0 0 0 0 0 0 0 0 0 0 0 0 0 0 0 0
91.794 125 ROTORCRAFT_NAV_STATUS 95 0 0. 0. 0 2 0
91.814 125 ALIVE 176,154,94,114,86,170,70,95,114,243,202,226,114,160,1,244
91.822 125 ROTORCRAFT_FP 0 0 -122 0 0 45110 -2632 672 1361 0 0 25 1361 0 0
91.841 125 INS 0 0 155 0 0 -14843 -1708 -801 -201
91.959 125 GPS_INT 0 0 0 0 0 0 0 0 0 0 0 0 0 0 0 0
92.044 125 LINK_REPORT 125 0 92 0 64197 1416 0 622. 14. 0 62.09
92.158 125 ROTORCRAFT_FP 0 0 -156 0 0 65590 -2780 922 1062 0 0 25 1062 0 0
92.194 125 INS 0 0 173 0 0 -41747 68 55 -240
92.204 125 ENERGY 12.5 0. 0 0.
92.214 125 GPS_INT 0 0 0 0 0 0 0 0 0 0 0 0 0 0 0 0
92.376 125 ROTORCRAFT_FP 0 0 -59 0 0 208111 -2941 370 1231 0 0 25 1231 0 0
92.383 125 DL_VALUE 37 303.
92.384 125 INS 0 0 54 0 0 -208904 572 542 -7
92.401 125 WP_MOVED_ENU 9 824 28 256
92.410 125 ROTORCRAFT_STATUS 0 0 2 0 0 13 0 0 4 5 125 98
92.419 125 GPS_INT 0 0 0 0 0 0 0 0 0 0 0 0 0 0 0 0
92.517 125 ROTORCRAFT_FP 0 0 -180 0 0 55890 -3128 -134 1489 0 0 25 1489 0 0
92.598 125 INS 0 0 167 0 0 -64812 -403 20 473
92.672 125 GPS_INT 0 0 0 0 0 0 0 0 0 0 0 0 0 0 0 0
92.762 125 ROTORCRAFT_FP 0 0 -135 0 0 68353 -3105 -137 1370 0 0 25 1370 0 0
92.799 125 STATE_FILTER_STATUS 3 2
92.899 125 INS 0 0 124 0 0 -95102 -332 -780 -327
92.934 125 GPS_INT 0 0 0 0 0 0 0 0 0 0 0 0 0 0 0 0
93.026 125 ROTORCRAFT_FP 0 0 -127 0 0 113686 -3231 -390 1623 0 0 25 1623 0 0
93.044 125 LINK_REPORT 125 0 93 0 65015 1434 0 818. 18. 0 62.09
93.079 125 INS 0 0 139 0 0 -103054 -57 415 -73
93.224 125 GPS_INT 0 0 0 0 0 0 0 0 0 0 0 0 0 0 0 0
93.280 125 ROTORCRAFT_FP 0 0 -162 0 0 50461 -3491 -779 1469 0 0 25 1469 0 0
93.353 125 INS 0 0 193 0 0 -13636 -441 463 114
93.414 125 DL_VALUE 38 120.
93.559 125 DATALINK_REPORT 0 0 1649 758 0
93.560 125 GPS_INT 0 0 0 0 0 0 0 0 0 0 0 0 0 0 0 0
93.561 125 INS_REF 392433159 30036171 500219722 519906340 43767889 45103 0 102939.
93.563 125 ROTORCRAFT_FP 0 0 -152 0 0 43207 -3360 -1122 1510 0 0 25 1510 0 0
93.576 125 ROTORCRAFT_STATUS 0 0 2 0 0 13 0 0 4 5 125 99
93.697 125 GPS_INT 0 0 0 0 0 0 0 0 0 0 0 0 0 0 0 0
93.796 125 ROTORCRAFT_FP 0 0 -196 0 0 -19863 -3240 -1444 1788 0 0 25 1788 0 0
93.851 125 ALIVE 176,154,94,114,86,170,70,95,114,243,202,226,114,160,1,244
93.868 125 INS 0 0 155 0 0 -13037 -673 453 337
94.045 125 LINK_REPORT 125 0 94 0 65629 1448 0 614. 14. 0 62.09
94.357 125 GPS_INT 0 0 0 0 0 0 0 0 0 0 0 0 0 0 0 0
94.367 125 ROTORCRAFT_FP 0 0 -114 0 0 115691 -3192 -1493 2052 0 0 25 2052 0 0
94.392 125 INS 0 0 159 0 0 -61908 539 459 251
94.447 125 GPS_INT 0 0 0 0 0 0 0 0 0 0 0 0 0 0 0 0
94.603 125 DL_VALUE 39 150.
94.604 125 ROTORCRAFT_FP 0 0 -59 0 0 142767 -3380 -1757 2227 0 0 25 2227 0 0
94.657 125 ENERGY 12.5 0. 0 0.
94.718 125 GPS_INT 0 0 0 0 0 0 0 0 0 0 0 0 0 0 0 0
94.799 125 ROTORCRAFT_STATUS 0 0 2 0 0 13 0 0 4 5 125 100
94.816 125 ROTORCRAFT_FP 0 0 -14 0 0 165803 -3282 -1668 2434 0 0 25 2434 0 0
94.874 125 INS 0 0 3 0 0 -182809 68 969 -317
94.969 125 ROTORCRAFT_NAV_STATUS 98 0 0. 0. 0 2 0
94.979 125 GPS_INT 0 0 0 0 0 0 0 0 0 0 0 0 0 0 0 0
94.988 125 WP_MOVED_ENU 11 -1351 512 256
95.046 125 LINK_REPORT 125 0 95 0 66247 1462 0 618. 14. 0 62.09
95.058 125 ROTORCRAFT_FP 0 0 2 0 0 177661 -3249 -1800 2286 0 0 25 2286 0 0
95.131 125 INS 0 0 -28 0 0 -205423 -1328 -833 -92
95.284 125 GPS_INT 0 0 0 0 0 0 0 0 0 0 0 0 0 0 0 0
95.321 125 ROTORCRAFT_FP 0 0 0 0 0 155713 -3409 -2240 2528 0 0 25 2528 0 0
95.368 125 INS 0 0 -12 0 0 -172886 15 599 -173
95.560 125 GPS_INT 0 0 0 0 0 0 0 0 0 0 0 0 0 0 0 0
95.562 125 PONG 
95.579 125 ROTORCRAFT_FP 0 0 -11 0 0 140032 -3650 -2499 2737 0 0 25 2737 0 0
95.623 125 INS 0 0 25 0 0 -92123 -285 560 930
95.638 125 DL_VALUE 40 1218.
95.722 125 GPS_INT 0 0 0 0 0 0 0 0 0 0 0 0 0 0 0 0
95.853 125 ROTORCRAFT_FP 0 0 -39 0 0 73109 -3161 -2435 2575 0 0 25 2575 0 0
95.899 125 INS 0 0 48 0 0 -51020 620 -24 -128
95.991 125 ALIVE 176,154,94,114,86,170,70,95,114,243,202,226,114,160,1,244
96.000 125 GPS_INT 0 0 0 0 0 0 0 0 0 0 0 0 0 0 0 0
96.018 125 ROTORCRAFT_STATUS 0 0 2 0 0 13 0 0 4 5 125 101
96.046 125 LINK_REPORT 125 0 96 0 66982 1478 0 735. 16. 0 65.35
96.129 125 STATE_FILTER_STATUS 3 2
96.140 125 ROTORCRAFT_FP 0 0 5 0 0 108414 -3209 -2439 2539 0 0 25 2539 0 0
96.161 125 INS 0 0 29 0 0 -67948 -172 59 -345
96.246 125 GPS_INT 0 0 0 0 0 0 0 0 0 0 0 0 0 0 0 0
96.300 125 WP_MOVED_ENU 12 35 1338 256
96.354 125 ROTORCRAFT_FP 0 0 -165 0 0 -75249 -3086 -2847 2852 0 0 25 2852 0 0
96.470 125 INS 0 0 142 0 0 49158 -717 681 232
96.478 125 AUTOPILOT_VERSION 50401 v5.4.1_stable-4-ga603c8e-dirty
96.499 125 GPS_INT 0 0 0 0 0 0 0 0 0 0 0 0 0 0 0 0
96.564 125 ROTORCRAFT_NAV_STATUS 100 0 0. 0. 0 2 0
96.586 125 ROTORCRAFT_FP 0 0 -227 0 0 -129864 -3365 -3246 3422 0 0 25 3422 0 0
96.676 125 INS 0 0 220 0 0 121707 -662 328 355
96.741 125 GPS_INT 0 0 0 0 0 0 0 0 0 0 0 0 0 0 0 0
96.759 125 DL_VALUE 41 303.
96.868 125 ROTORCRAFT_FP 0 0 -276 0 0 -200531 -2787 -3896 3501 0 0 25 3501 0 0
96.929 125 INS 0 0 293 0 0 196684 -2023 1617 -105
97.047 125 LINK_REPORT 125 0 97 0 67693 1494 0 711. 16. 0 65.35
97.112 125 ROTORCRAFT_FP 0 0 -253 0 0 -75613 -557 -4206 2653 0 0 25 2653 0 0
97.159 125 INS 0 0 235 0 0 29578 238 -755 -232
97.216 125 ENERGY 12.5 0. 0 0.
97.348 125 ROTORCRAFT_STATUS 0 0 2 0 0 13 0 0 4 5 125 102
97.358 125 GPS_INT 0 0 0 0 0 0 0 0 0 0 0 0 0 0 0 0
97.359 125 ROTORCRAFT_FP 0 0 -264 0 0 -51614 -81 -4165 2532 0 0 25 2532 0 0
97.406 125 INS 0 0 218 0 0 -12515 1543 -2342 -137
97.520 125 GPS_INT 0 0 0 0 0 0 0 0 0 0 0 0 0 0 0 0
97.627 125 ROTORCRAFT_FP 0 0 -232 0 0 -148737 801 -3793 2666 0 0 25 2666 0 0
97.635 125 WP_MOVED_ENU 0 10956 10549 256
97.682 125 INS 0 0 255 0 0 163262 303 521 -1660
97.771 125 GPS_INT 0 0 0 0 0 0 0 0 0 0 0 0 0 0 0 0
97.896 125 ROTORCRAFT_FP 0 0 -197 0 0 -96519 1240 -2791 2571 0 0 25 2571 0 0
97.897 125 DL_VALUE 42 120.
97.916 125 INS 0 0 182 0 0 73467 -89 -1207 -1112
98.016 125 GPS_INT 0 0 0 0 0 0 0 0 0 0 0 0 0 0 0 0
98.048 125 LINK_REPORT 125 0 98 0 68438 1510 0 745. 16. 0 65.35
98.161 125 ALIVE 176,154,94,114,86,170,70,95,114,243,202,226,114,160,1,244
98.170 125 ROTORCRAFT_FP 0 0 -213 0 0 -56789 794 -1691 3281 0 0 25 3281 0 0
98.206 125 INS 0 0 236 0 0 69138 615 1086 -374
98.234 125 ROTORCRAFT_NAV_STATUS 101 0 0. 0. 0 2 0
98.270 125 GPS_INT 0 0 0 0 0 0 0 0 0 0 0 0 0 0 0 0
98.374 125 ROTORCRAFT_FP 0 0 -315 0 0 -148386 674 -1805 3788 0 0 25 3788 0 0
98.473 125 INS 0 0 286 0 0 124881 -766 -1463 -528
98.481 125 ROTORCRAFT_STATUS 0 0 2 0 0 13 0 0 4 5 125 104
98.536 125 GPS_INT 0 0 0 0 0 0 0 0 0 0 0 0 0 0 0 0
98.644 125 DATALINK_REPORT 0 0 1736 771 0
98.696 125 ROTORCRAFT_FP 0 0 -289 0 0 -106044 853 -2001 4036 0 0 25 4036 0 0
98.697 125 INS 0 0 306 0 0 108545 -338 -460 -619
98.924 125 INS_REF 392433159 30036171 500219722 519906340 43767889 45103 0 102939.
98.952 125 GPS_INT 0 0 0 0 0 0 0 0 0 0 0 0 0 0 0 0
98.961 125 ROTORCRAFT_FP 0 0 -373 0 0 -202498 472 -1707 4503 0 0 25 4503 0 0
99.015 125 INS 0 0 311 0 0 106892 177 -882 -970
99.049 125 LINK_REPORT 125 0 99 0 69168 1526 0 730. 16. 0 65.35
99.085 125 WP_MOVED_ENU 1 0 0 256
99.379 125 DL_VALUE 43 150.
99.381 125 GPS_INT 0 0 0 0 0 0 0 0 0 0 0 0 0 0 0 0
99.433 125 ROTORCRAFT_FP 0 0 -343 0 0 -152191 592 -2112 4510 0 0 25 4510 0 0
99.451 125 INS 0 0 314 0 0 111178 20 -635 -128
99.536 125 GPS_INT 0 0 0 0 0 0 0 0 0 0 0 0 0 0 0 0
99.553 125 STATE_FILTER_STATUS 3 2
99.563 125 ROTORCRAFT_FP 0 0 -250 0 0 -20475 562 -2575 4796 0 0 25 4796 0 0
99.564 125 INS 0 0 271 0 0 51032 54 -104 59
99.566 125 GPS_INT 0 0 0 0 0 0 0 0 0 0 0 0 0 0 0 0
99.689 125 ROTORCRAFT_FP 0 0 -206 0 0 13012 315 -2546 5089 0 0 25 5089 0 0
99.731 125 ROTORCRAFT_STATUS 0 0 2 0 0 13 0 0 4 5 125 105
99.740 125 INS 0 0 212 0 0 -13432 548 -664 -732
99.784 125 ENERGY 12.5 0. 0 0.
99.793 125 GPS_INT 0 0 0 0 0 0 0 0 0 0 0 0 0 0 0 0
99.837 125 ROTORCRAFT_NAV_STATUS 103 0 0. 0. 0 2 0
100.014 125 ROTORCRAFT_FP 0 0 -235 0 0 -16849 344 -2633 4948 0 0 25 4948 0 0
100.022 125 INS 0 0 208 0 0 -19015 14 -776 -686
100.049 125 LINK_REPORT 125 0 100 0 69943 1544 0 775. 18. 0 65.35
100.077 125 GPS_INT 0 0 0 0 0 0 0 0 0 0 0 0 0 0 0 0
100.118 125 DL_VALUE 44 529.
100.233 125 INS 0 0 324 0 0 126961 193 -73 205
100.268 125 ALIVE 176,154,94,114,86,170,70,95,114,243,202,226,114,160,1,244
100.296 125 WP_MOVED_ENU 2 23 1280 256
100.314 125 GPS_INT 0 0 0 0 0 0 0 0 0 0 0 0 0 0 0 0
100.410 125 ROTORCRAFT_FP 0 0 -264 0 0 -31660 310 -1849 4287 0 0 25 4287 0 0
100.562 125 INS 0 0 230 0 0 -6486 -25 298 200
100.563 125 PONG 
100.565 125 GPS_INT 0 0 0 0 0 0 0 0 0 0 0 0 0 0 0 0
100.736 125 ROTORCRAFT_FP 0 0 -148 0 0 83700 433 -1539 3919 0 0 25 3919 0 0
100.746 125 INS 0 0 157 0 0 -76874 861 -200 172
