3.424 125 LINK_REPORT 125 0 657 0 11877 303 0 836. 22. 0 1.93
3.424 125 INS 0 0 2801 0 0 17157112 -96 15 -3451
3.521 125 GPS_INT 0 0 0 0 0 0 0 0 0 0 0 0 0 0 0 0
3.521 125 SVINFO 0 0 0 0 0 0 0
3.621 125 ROTORCRAFT_FP 0 0 -686 0 0 839832 -237 322 -7385 0 0 -686 -7386 0 0
3.671 125 INS 0 0 411 0 0 -2601219 -20 -5 -17794
3.771 125 GPS_INT 0 0 0 0 0 0 0 0 0 0 0 0 0 0 0 0
3.772 125 SVINFO 0 0 0 0 0 0 0
3.870 125 ROTORCRAFT_FP 0 0 310 0 0 6107914 -236 322 -7386 0 0 310 -7386 0 0
3.921 125 INS 0 0 -360 0 0 -5997386 -20 -5 -19149
4.021 125 GPS_INT 0 0 0 0 0 0 0 0 0 0 0 0 0 0 0 0
4.021 125 SVINFO 0 0 0 0 0 0 0
4.108 125 WP_MOVED_ENU 3 -488 -1290 1280
4.116 125 DL_VALUE 14 0.5
4.119 125 STATE_FILTER_STATUS 3 0
4.121 125 ROTORCRAFT_FP 0 0 465 0 0 4911551 -236 322 -7386 0 0 465 -7386 0 0
4.181 125 INS 0 0 -487 0 0 -4681576 -94 12 -13777
4.214 125 ROTORCRAFT_STATUS 0 0 0 39 0 4 0 0 2 1 124 18
4.271 125 GPS_INT 0 0 0 0 0 0 0 0 0 0 0 0 0 0 0 0
4.272 125 SVINFO 0 0 0 0 0 0 0
4.371 125 ROTORCRAFT_FP 0 0 431 0 0 3219212 -235 322 -7386 0 0 431 -7386 0 0
4.431 125 ROTORCRAFT_NAV_STATUS 16 0 0. 0. 0 2 0
4.431 125 INS 0 0 -428 0 0 -3003551 -16 -7 -9463
4.431 125 LINK_REPORT 125 0 658 0 12730 325 0 853. 22. 0 1.93
4.521 125 GPS_INT 0 0 0 0 0 0 0 0 0 0 0 0 0 0 0 0
4.521 125 SVINFO 0 0 0 0 0 0 0
4.620 125 ROTORCRAFT_FP 0 0 299 0 0 1782812 -234 321 -7386 0 0 299 -7386 0 0
4.671 125 INS 0 0 -286 0 0 -1652125 -93 17 -6748
4.771 125 GPS_INT 0 0 0 0 0 0 0 0 0 0 0 0 0 0 0 0
4.771 125 SVINFO 0 0 0 0 0 0 0
4.871 125 ROTORCRAFT_FP 0 0 216 0 0 1159507 -234 321 -7386 0 0 216 -7386 0 0
4.924 125 INS 0 0 -171 0 0 -905170 -14 -8 -5149
5.021 125 GPS_INT 0 0 0 0 0 0 0 0 0 0 0 0 0 0 0 0
5.022 125 SVINFO 0 0 0 0 0 0 0
5.120 125 ALIVE 56,254,73,81,74,170,212,145,199,106,206,243,22,157,219,69
5.121 125 ROTORCRAFT_FP 0 0 130 0 0 710149 -233 322 -7386 0 0 130 -7386 0 0
5.170 125 INS 0 0 -127 0 0 -715323 -89 10 -4424
5.215 125 DL_VALUE 15 1.169371
5.272 125 GPS_INT 0 0 0 0 0 0 0 0 0 0 0 0 0 0 0 0
5.273 125 SVINFO 0 0 0 0 0 0 0
5.370 125 ROTORCRAFT_FP 0 0 97 0 0 619640 -233 322 -7386 0 0 97 -7386 0 0
5.407 125 WP_MOVED_ENU 4 985 -3543 1280
5.411 125 ROTORCRAFT_STATUS 0 0 0 39 0 4 0 0 2 1 124 19
5.427 125 INS 0 0 -100 0 0 -653532 -12 -8 -3949
5.428 125 LINK_REPORT 125 0 659 0 13534 345 0 804. 20. 0 1.93
5.520 125 GPS_INT 0 0 0 0 0 0 0 0 0 0 0 0 0 0 0 0
5.523 125 SVINFO 0 0 0 0 0 0 0
5.620 125 ROTORCRAFT_FP 0 0 77 0 0 595009 -232 321 -7386 0 0 77 -7386 0 0
5.671 125 INS 0 0 -76 0 0 -605549 -87 9 -3573
5.771 125 GPS_INT 0 0 0 0 0 0 0 0 0 0 0 0 0 0 0 0
5.771 125 SVINFO 0 0 0 0 0 0 0
5.870 125 ROTORCRAFT_FP 0 0 79 0 0 651226 -232 321 -7386 0 0 79 -7386 0 0
5.929 125 INS 0 0 -75 0 0 -629715 -10 -9 -3294
6.018 125 ROTORCRAFT_NAV_STATUS 18 0 0. 0. 0 2 0
6.020 125 GPS_INT 0 0 0 0 0 0 0 0 0 0 0 0 0 0 0 0
6.021 125 SVINFO 0 0 0 0 0 0 0
6.120 125 ROTORCRAFT_FP 0 0 69 0 0 584605 -231 321 -7386 0 0 69 -7386 0 0
6.170 125 INS 0 0 -65 0 0 -565139 -9 -10 -3011
6.270 125 GPS_INT 0 0 0 0 0 0 0 0 0 0 0 0 0 0 0 0
6.271 125 SVINFO 0 0 0 0 0 0 0
6.314 125 DL_VALUE 16 0.85
6.370 125 ROTORCRAFT_FP 0 0 57 0 0 536661 -231 321 -7386 0 0 57 -7386 0 0
6.420 125 INS 0 0 -59 0 0 -545531 -8 -11 -2792
6.430 125 LINK_REPORT 125 0 660 0 14294 363 0 760. 18. 0 1.93
6.519 125 GPS_INT 0 0 0 0 0 0 0 0 0 0 0 0 0 0 0 0
6.520 125 SVINFO 0 0 0 0 0 0 0
6.609 125 ROTORCRAFT_STATUS 0 0 0 39 0 4 0 0 2 1 124 20
6.620 125 ROTORCRAFT_FP 0 0 -1703 0 0 -3872499 -230 321 -7387 0 0 -1703 -7386 0 0
6.644 125 PONG 
6.670 125 INS 0 0 1197 0 0 881622 -7 -10 -2601
6.706 125 WP_MOVED_ENU 5 7265 -12211 1280
6.771 125 GPS_INT 0 0 0 0 0 0 0 0 0 0 0 0 0 0 0 0
6.772 125 SVINFO 0 0 0 0 0 0 0
6.870 125 ROTORCRAFT_FP 0 0 287 0 0 5692081 -230 321 -7386 0 0 287 -7386 0 0
6.921 125 INS 0 0 -426 0 0 -5803178 -6 -11 -5430
7.020 125 GPS_INT 0 0 0 0 0 0 0 0 0 0 0 0 0 0 0 0
7.021 125 SVINFO 0 0 0 0 0 0 0
7.121 125 ROTORCRAFT_FP 0 0 731 0 0 4924339 -229 321 -7386 0 0 731 -7386 0 0
7.171 125 INS 0 0 -770 0 0 -4612385 -7 -4 -4564
7.220 125 ALIVE 56,254,73,81,74,170,212,145,199,106,206,243,22,157,219,69
7.271 125 GPS_INT 0 0 0 0 0 0 0 0 0 0 0 0 0 0 0 0
7.273 125 SVINFO 0 0 0 0 0 0 0
7.319 125 STATE_FILTER_STATUS 3 0
7.370 125 ROTORCRAFT_FP 0 0 665 0 0 2558653 -229 321 -7386 0 0 665 -7386 0 0
7.414 125 DL_VALUE 17 79.
7.420 125 INS 0 0 -653 0 0 -2263346 -3 -11 -3190
7.427 125 LINK_REPORT 125 0 661 0 15113 385 0 819. 22. 0 2.93
7.520 125 GPS_INT 0 0 0 0 0 0 0 0 0 0 0 0 0 0 0 0
7.520 125 SVINFO 0 0 0 0 0 0 0
7.618 125 ROTORCRAFT_NAV_STATUS 19 0 0. 0. 0 2 0
7.620 125 ROTORCRAFT_FP 0 0 469 0 0 822562 -229 321 -7386 0 0 469 -7386 0 0
7.670 125 INS 0 0 -443 0 0 -659182 -79 6 -2335
7.786 125 GPS_INT 0 0 0 0 0 0 0 0 0 0 0 0 0 0 0 0
7.787 125 SVINFO 0 0 0 0 0 0 0
7.810 125 ROTORCRAFT_STATUS 0 0 0 39 0 4 0 0 2 1 124 22
7.870 125 ROTORCRAFT_FP 0 0 275 0 0 -91802 -228 321 -7386 0 0 275 -7386 0 0
7.920 125 INS 0 0 -215 0 0 329840 -2 -12 -1820
8.004 125 WP_MOVED_ENU 6 4367 -4940 1280
8.020 125 GPS_INT 0 0 0 0 0 0 0 0 0 0 0 0 0 0 0 0
8.021 125 SVINFO 0 0 0 0 0 0 0
8.120 125 ROTORCRAFT_FP 0 0 117 0 0 -469145 -228 321 -7385 0 0 117 -7386 0 0
8.170 125 INS 0 0 -107 0 0 424960 -1 -12 -1686
8.223 125 DATALINK_REPORT 0 0 426 799 0
8.270 125 GPS_INT 0 0 0 0 0 0 0 0 0 0 0 0 0 0 0 0
8.271 125 SVINFO 0 0 0 0 0 0 0
8.323 125 INS_REF 462758284 11966458 437326352 435641193 14812804 198842 147000 102635.
8.370 125 ROTORCRAFT_FP 0 0 87 0 0 -205452 -228 321 -7385 0 0 87 -7386 0 0
8.420 125 INS 0 0 3326 0 0 15811056 -75 6 3351
8.432 125 LINK_REPORT 125 0 662 0 15957 406 0 844. 21. 0 2.93
8.513 125 DL_VALUE 18 100.
8.519 125 GPS_INT 0 0 0 0 0 0 0 0 0 0 0 0 0 0 0 0
8.520 125 SVINFO 0 0 0 0 0 0 0
8.620 125 ROTORCRAFT_FP 0 0 -850 0 0 261929 -226 322 -7385 0 0 -850 -7386 0 0
8.671 125 INS 0 0 463 0 0 -2159202 -73 6 -2639
8.770 125 GPS_INT 0 0 0 0 0 0 0 0 0 0 0 0 0 0 0 0
8.771 125 SVINFO 0 0 0 0 0 0 0
8.870 125 ROTORCRAFT_FP 0 0 550 0 0 5527356 -226 322 -7386 0 0 550 -7386 0 0
8.919 125 INS 0 0 -592 0 0 -5145270 4 -12 -3421
9.007 125 ROTORCRAFT_STATUS 0 0 0 38 0 4 0 0 2 1 124 23
9.021 125 SVINFO 0 0 0 0 0 0 0
9.119 125 ROTORCRAFT_FP 0 0 714 0 0 3674569 -225 321 -7385 0 0 714 -7386 0 0
9.170 125 INS 0 0 -735 0 0 -3386532 6 -13 -2711
9.217 125 ROTORCRAFT_NAV_STATUS 21 0 0. 0. 0 2 0
9.271 125 GPS_INT 0 0 0 0 0 0 0 0 0 0 0 0 0 0 0 0
9.272 125 SVINFO 0 0 0 0 0 0 0
9.302 125 WP_MOVED_ENU 7 3696 -10355 1280
9.319 125 ALIVE 56,254,73,81,74,170,212,145,199,106,206,243,22,157,219,69
9.369 125 ROTORCRAFT_FP 0 0 611 0 0 1669710 -225 321 -7385 0 0 611 -7386 0 0
9.403 201 WIND_INFO 201 42 0. 0. 0.
9.421 125 INS 0 0 -593 0 0 -1430892 6 -12 -2004
9.436 125 LINK_REPORT 125 0 663 0 16720 426 0 763. 20. 0 2.93
9.519 125 GPS_INT 0 0 0 0 0 0 0 0 0 0 0 0 0 0 0 0
9.520 125 SVINFO 0 0 0 0 0 0 0
9.612 125 DL_VALUE 19 30.
9.619 125 ROTORCRAFT_FP 0 0 404 0 0 250089 -224 322 -7386 0 0 404 -7386 0 0
9.669 125 INS 0 0 -375 0 0 -119362 7 -12 -1541
9.769 125 GPS_INT 0 0 0 0 0 0 0 0 0 0 0 0 0 0 0 0
9.770 125 SVINFO 0 0 0 0 0 0 0
9.869 125 ROTORCRAFT_FP 0 0 241 0 0 -324149 -224 322 -7385 0 0 241 -7386 0 0
9.919 125 INS 0 0 -195 0 0 482275 -68 5 -1304
9.939 125 AUTOPILOT_VERSION 50401 v5.4.1_stable-4-ga603c8e
10.023 125 GPS_INT 0 0 0 0 0 0 0 0 0 0 0 0 0 0 0 0
10.024 125 SVINFO 0 0 0 0 0 0 0
10.119 125 ROTORCRAFT_FP 0 0 152 0 0 -368156 -224 322 -7385 0 0 152 -7386 0 0
10.169 125 INS 0 0 -126 0 0 407138 9 -12 -1274
10.206 125 ROTORCRAFT_STATUS 0 0 0 39 0 4 0 0 2 1 124 24
10.269 125 GPS_INT 0 0 0 0 0 0 0 0 0 0 0 0 0 0 0 0
10.270 125 SVINFO 0 0 0 0 0 0 0
10.369 125 ROTORCRAFT_FP 0 0 -2666 0 0 -11655796 -223 322 -7385 0 0 -2666 -7386 0 0
10.418 125 INS 0 0 2124 0 0 7541880 10 -13 439
10.434 125 LINK_REPORT 125 0 664 0 17517 445 0 797. 19. 0 2.93
10.516 125 STATE_FILTER_STATUS 3 0
10.518 125 GPS_INT 0 0 0 0 0 0 0 0 0 0 0 0 0 0 0 0
10.519 125 SVINFO 0 0 0 0 0 0 0
10.601 125 WP_MOVED_ENU 8 -4887 -12894 512
10.619 125 ROTORCRAFT_FP 0 0 -231 0 0 2966172 -223 322 -7386 0 0 -231 -7386 0 0
10.739 125 INS 0 0 -61 0 0 -4052498 8 -6 -2478
10.740 125 DL_VALUE 20 0.
10.769 125 GPS_INT 0 0 0 0 0 0 0 0 0 0 0 0 0 0 0 0
10.770 125 SVINFO 0 0 0 0 0 0 0
10.815 125 ROTORCRAFT_NAV_STATUS 23 0 0. 0. 0 2 0
10.869 125 ROTORCRAFT_FP 0 0 697 0 0 5182966 -222 322 -7386 0 0 697 -7386 0 0
10.918 125 INS 0 0 -794 0 0 -5121219 13 -13 -2557
11.018 125 GPS_INT 0 0 0 0 0 0 0 0 0 0 0 0 0 0 0 0
11.019 125 SVINFO 0 0 0 0 0 0 0
11.123 125 ROTORCRAFT_FP 0 0 -820 0 0 -192554 -222 322 -7385 0 0 -820 -7386 0 0
11.169 125 INS 0 0 283 0 0 -2457154 14 -13 -1953
11.269 125 GPS_INT 0 0 0 0 0 0 0 0 0 0 0 0 0 0 0 0
11.270 125 SVINFO 0 0 0 0 0 0 0
11.368 125 ROTORCRAFT_FP 0 0 757 0 0 5698086 -221 322 -7386 0 0 757 -7386 0 0
11.405 125 ROTORCRAFT_STATUS 0 0 0 39 0 4 0 0 2 1 123 25
11.416 125 ALIVE 56,254,73,81,74,170,212,145,199,106,206,243,22,157,219,69
11.418 125 INS 0 0 -908 0 0 -5811834 15 -13 -2613
11.431 125 LINK_REPORT 125 0 665 0 18351 467 0 834. 22. 0 2.93
11.518 125 GPS_INT 0 0 0 0 0 0 0 0 0 0 0 0 0 0 0 0
11.518 125 SVINFO 0 0 0 0 0 0 0
11.618 125 ROTORCRAFT_FP 0 0 1031 0 0 4118882 -221 322 -7386 0 0 1031 -7386 0 0
11.629 201 WIND_INFO 201 42 0. 0. 0.
11.645 125 PONG 
11.668 125 INS 0 0 -1047 0 0 -3772357 14 -7 -2143
11.770 125 GPS_INT 0 0 0 0 0 0 0 0 0 0 0 0 0 0 0 0
11.771 125 SVINFO 0 0 0 0 0 0 0
11.810 125 DL_VALUE 21 0.
11.868 125 ROTORCRAFT_FP 0 0 833 0 0 1611164 -220 322 -7386 0 0 833 -7386 0 0
11.898 125 WP_MOVED_ENU 9 1484 -2764 1280
11.918 125 INS 0 0 -802 0 0 -1330837 18 -14 -1467
12.017 125 GPS_INT 0 0 0 0 0 0 0 0 0 0 0 0 0 0 0 0
12.018 125 SVINFO 0 0 0 0 0 0 0
12.118 125 ROTORCRAFT_FP 0 0 556 0 0 12813 -220 322 -7387 0 0 556 -7386 0 0
12.172 125 INS 0 0 -441 0 0 509463 18 -13 -1031
12.268 125 GPS_INT 0 0 0 0 0 0 0 0 0 0 0 0 0 0 0 0
12.268 125 SVINFO 0 0 0 0 0 0 0
12.368 125 ROTORCRAFT_FP 0 0 288 0 0 -868956 -220 322 -7387 0 0 288 -7386 0 0
12.414 125 ROTORCRAFT_NAV_STATUS 24 0 0. 0. 0 2 0
12.418 125 INS 0 0 -273 0 0 819350 36 62 -927
12.433 125 LINK_REPORT 125 0 666 0 19136 487 0 785. 20. 0 2.57
12.517 125 GPS_INT 0 0 0 0 0 0 0 0 0 0 0 0 0 0 0 0
12.518 125 SVINFO 0 0 0 0 0 0 0
12.603 125 ROTORCRAFT_STATUS 0 0 0 38 0 4 0 0 2 1 123 26
12.617 125 ROTORCRAFT_FP 0 0 186 0 0 -774760 -219 323 -7387 0 0 186 -7386 0 0
12.667 125 INS 0 0 -168 0 0 747524 -56 4 -913
12.767 125 GPS_INT 0 0 0 0 0 0 0 0 0 0 0 0 0 0 0 0
12.768 125 SVINFO 0 0 0 0 0 0 0
12.868 125 ROTORCRAFT_FP 0 0 121 0 0 -554982 -219 322 -7387 0 0 121 -7386 0 0
12.910 125 DL_VALUE 22 0.
12.918 125 INS 0 0 -118 0 0 479778 -54 4 -937
13.016 125 UART_ERRORS 0 0 0 1
13.018 125 GPS_INT 0 0 0 0 0 0 0 0 0 0 0 0 0 0 0 0
13.018 125 SVINFO 0 0 0 0 0 0 0
13.117 125 ROTORCRAFT_FP 0 0 97 0 0 -277703 -218 322 -7387 0 0 97 -7386 0 0
13.167 125 INS 0 0 -79 0 0 304200 -54 4 -944
13.196 125 WP_MOVED_ENU 0 10557 10949 1280
13.268 125 GPS_INT 0 0 0 0 0 0 0 0 0 0 0 0 0 0 0 0
13.268 125 SVINFO 0 0 0 0 0 0 0
13.321 125 DATALINK_REPORT 0 0 532 815 0
13.367 125 ROTORCRAFT_FP 0 0 69 0 0 -153210 -218 322 -7388 0 0 69 -7386 0 0
13.417 125 INS 0 0 -70 0 0 107229 -52 3 -955
13.420 125 INS_REF 462758284 11966458 437326352 435641193 14812804 198842 147000 102635.
13.441 125 LINK_REPORT 125 0 667 0 19983 509 0 847. 22. 0 2.57
13.515 125 ALIVE 56,254,73,81,74,170,212,145,199,106,206,243,22,157,219,69
13.517 125 GPS_INT 0 0 0 0 0 0 0 0 0 0 0 0 0 0 0 0
13.518 125 SVINFO 0 0 0 0 0 0 0
13.628 125 ROTORCRAFT_FP 0 0 61 0 0 -29687 -217 322 -7388 0 0 61 -7386 0 0
13.667 125 INS 0 0 -60 0 0 8759 -50 2 -950
13.715 125 STATE_FILTER_STATUS 3 0
13.767 125 GPS_INT 0 0 0 0 0 0 0 0 0 0 0 0 0 0 0 0
13.768 125 SVINFO 0 0 0 0 0 0 0
13.802 125 ROTORCRAFT_STATUS 0 0 0 39 0 4 0 0 2 1 123 28
13.867 125 ROTORCRAFT_FP 0 0 53 0 0 52614 -216 322 -7388 0 0 53 -7386 0 0
13.920 125 INS 0 0 -54 0 0 -79198 -52 8 -1020
13.948 125 WIND_INFO 125 42 0. 0. 0.
14.004 125 WIND_INFO 125 42 0. 0. 0.
14.008 125 DL_VALUE 23 0.
14.013 125 ROTORCRAFT_NAV_STATUS 26 0 0. 0. 0 2 0
14.018 125 GPS_INT 0 0 0 0 0 0 0 0 0 0 0 0 0 0 0 0
14.019 125 SVINFO 0 0 0 0 0 0 0
14.118 125 ROTORCRAFT_FP 0 0 57 0 0 142080 -216 322 -7389 0 0 57 -7386 0 0
14.167 125 INS 0 0 -49 0 0 -109892 29 -15 -930
14.267 125 GPS_INT 0 0 0 0 0 0 0 0 0 0 0 0 0 0 0 0
14.268 125 SVINFO 0 0 0 0 0 0 0
14.366 125 ROTORCRAFT_FP 0 0 49 0 0 141714 -215 322 -7390 0 0 49 -7386 0 0
14.417 125 INS 0 0 -52 0 0 -161658 28 -16 -917
14.437 125 LINK_REPORT 125 0 668 0 20798 530 0 815. 21. 0 2.57
14.494 125 WP_MOVED_ENU 1 0 0 1280
14.516 125 GPS_INT 0 0 0 0 0 0 0 0 0 0 0 0 0 0 0 0
14.516 125 SVINFO 0 0 0 0 0 0 0
14.615 125 ROTORCRAFT_FP 0 0 43 0 0 127998 -215 322 -7391 0 0 43 -7386 0 0
14.666 125 INS 0 0 -38 0 0 -109333 30 -17 -890
14.767 125 GPS_INT 0 0 0 0 0 0 0 0 0 0 0 0 0 0 0 0
14.768 125 SVINFO 0 0 0 0 0 0 0
14.947 125 ROTORCRAFT_FP 0 0 40 0 0 149741 -215 322 -7392 0 0 40 -7386 0 0
14.947 125 INS 0 0 -42 0 0 -164713 -48 7 -953
15.001 125 ROTORCRAFT_STATUS 0 0 0 39 0 4 0 0 2 1 124 29
15.016 125 GPS_INT 0 0 0 0 0 0 0 0 0 0 0 0 0 0 0 0
15.017 125 SVINFO 0 0 0 0 0 0 0
15.108 125 DL_VALUE 24 149.
15.116 125 ROTORCRAFT_FP 0 0 35 0 0 150509 -215 322 -7393 0 0 35 -7386 0 0
15.167 125 INS 0 0 -26 0 0 -115310 -27 75 -844
15.266 125 GPS_INT 0 0 0 0 0 0 0 0 0 0 0 0 0 0 0 0
15.267 125 SVINFO 0 0 0 0 0 0 0
15.366 125 ROTORCRAFT_FP 0 0 20 0 0 109950 -214 322 -7392 0 0 20 -7386 0 0
15.416 125 INS 0 0 -22 0 0 -125130 30 -18 -839
15.446 125 LINK_REPORT 125 0 669 0 21579 549 0 781. 19. 0 2.57
15.517 125 GPS_INT 0 0 0 0 0 0 0 0 0 0 0 0 0 0 0 0
15.517 125 SVINFO 0 0 0 0 0 0 0
15.612 125 ROTORCRAFT_NAV_STATUS 27 0 0. 0. 0 2 0
15.613 125 ALIVE 56,254,73,81,74,170,212,145,199,106,206,243,22,157,219,69
15.616 125 ROTORCRAFT_FP 0 0 27 0 0 168865 -214 322 -7393 0 0 27 -7386 0 0
15.666 125 INS 0 0 -35 0 0 -206270 32 -18 -834
15.766 125 GPS_INT 0 0 0 0 0 0 0 0 0 0 0 0 0 0 0 0
15.767 125 SVINFO 0 0 0 0 0 0 0
15.792 125 WP_MOVED_ENU 2 -23 1280 1280
15.866 125 ROTORCRAFT_FP 0 0 30 0 0 172858 -214 322 -7391 0 0 30 -7386 0 0
15.915 125 INS 0 0 -22 0 0 -132663 -44 0 -804
16.015 125 GPS_INT 0 0 0 0 0 0 0 0 0 0 0 0 0 0 0 0
16.016 125 SVINFO 0 0 0 0 0 0 0
16.116 125 ROTORCRAFT_FP 0 0 -3303 0 0 -14423593 -214 322 -7391 0 0 -3303 -7386 0 0
16.166 125 INS 0 0 2256 0 0 7745176 -43 -1 319
16.199 125 ROTORCRAFT_STATUS 0 0 0 38 0 4 0 0 2 1 124 30
16.208 125 DL_VALUE 25 -7386.
16.266 125 GPS_INT 0 0 0 0 0 0 0 0 0 0 0 0 0 0 0 0
16.267 125 SVINFO 0 0 0 0 0 0 0
16.365 125 ROTORCRAFT_FP 0 0 -392 0 0 2766473 -213 321 -7392 0 0 -392 -7386 0 0
16.416 125 INS 0 0 103 0 0 -3857165 33 -19 -1343
16.448 125 LINK_REPORT 125 0 670 0 22404 570 0 825. 21. 0 2.57
16.515 125 GPS_INT 0 0 0 0 0 0 0 0 0 0 0 0 0 0 0 0
16.515 125 SVINFO 0 0 0 0 0 0 0
16.615 125 ROTORCRAFT_FP 0 0 582 0 0 5068730 -213 321 -7393 0 0 582 -7386 0 0
16.645 125 PONG 
16.665 125 INS 0 0 -680 0 0 -4974615 -43 -1 -1465
16.766 125 GPS_INT 0 0 0 0 0 0 0 0 0 0 0 0 0 0 0 0
16.767 125 SVINFO 0 0 0 0 0 0 0
16.865 125 ROTORCRAFT_FP 0 0 727 0 0 3281835 -213 321 -7393 0 0 727 -7386 0 0
16.911 125 STATE_FILTER_STATUS 3 0
16.915 125 INS 0 0 -731 0 0 -2956371 -42 -2 -1153
17.015 125 SVINFO 0 0 0 0 0 0 0
17.090 125 WP_MOVED_ENU 3 -488 -1290 1280
17.165 125 INS 0 0 -444 0 0 -576762 35 -19 -811
17.210 125 ROTORCRAFT_NAV_STATUS 29 0 0. 0. 0 2 0
17.266 125 GPS_INT 0 0 0 0 0 0 0 0 0 0 0 0 0 0 0 0
17.267 125 SVINFO 0 0 0 0 0 0 0
17.305 125 DL_VALUE 26 5.
17.365 125 ROTORCRAFT_FP 0 0 282 0 0 -291391 -213 322 -7393 0 0 282 -7386 0 0
17.397 125 ROTORCRAFT_STATUS 0 0 0 39 0 4 0 0 2 1 123 31
17.415 125 INS 0 0 -253 0 0 388462 36 -19 -665
17.443 125 LINK_REPORT 125 0 671 0 23095 590 0 691. 20. 0 3.1
17.514 125 GPS_INT 0 0 0 0 0 0 0 0 0 0 0 0 0 0 0 0
17.515 125 SVINFO 0 0 0 0 0 0 0
17.615 125 ROTORCRAFT_FP 0 0 156 0 0 -570803 -213 322 -7394 0 0 156 -7386 0 0
17.665 125 INS 0 0 -151 0 0 518618 35 -20 -634
17.715 125 ALIVE 56,254,73,81,74,170,212,145,199,106,206,243,22,157,219,69
17.765 125 GPS_INT 0 0 0 0 0 0 0 0 0 0 0 0 0 0 0 0
17.766 125 SVINFO 0 0 0 0 0 0 0
17.865 125 ROTORCRAFT_FP 0 0 107 0 0 -434168 -212 322 -7395 0 0 107 -7386 0 0
17.914 125 INS 0 0 -104 0 0 378520 -40 -1 -636
18.016 125 GPS_INT 0 0 0 0 0 0 0 0 0 0 0 0 0 0 0 0
18.016 125 SVINFO 0 0 0 0 0 0 0
18.114 125 ROTORCRAFT_FP 0 0 81 0 0 -261632 -212 322 -7395 0 0 81 -7386 0 0
18.164 125 INS 0 0 -64 0 0 299691 -39 -1 -634
18.265 125 GPS_INT 0 0 0 0 0 0 0 0 0 0 0 0 0 0 0 0
18.266 125 SVINFO 0 0 0 0 0 0 0
18.364 125 ROTORCRAFT_FP 0 0 43 0 0 -207876 -211 322 -7394 0 0 43 -7386 0 0
18.389 125 WP_MOVED_ENU 4 985 -3543 1280
18.404 125 DL_VALUE 27 400.
18.414 125 INS 0 0 -41 0 0 179168 -38 -1 -638
18.416 125 DATALINK_REPORT 0 0 638 819 0
18.449 125 LINK_REPORT 125 0 672 0 23891 610 0 796. 20. 0 3.1
18.522 125 GPS_INT 0 0 0 0 0 0 0 0 0 0 0 0 0 0 0 0
18.522 125 SVINFO 0 0 0 0 0 0 0
18.523 125 INS_REF 462758284 11966458 437326352 435641193 14812804 198842 147000 102635.
18.597 125 ROTORCRAFT_STATUS 0 0 0 38 0 4 0 0 2 1 124 32
18.614 125 ROTORCRAFT_FP 0 0 61 0 0 18926 -211 322 -7395 0 0 61 -7386 0 0
18.664 125 INS 0 0 -62 0 0 -38032 -37 -2 -654
18.764 125 GPS_INT 0 0 0 0 0 0 0 0 0 0 0 0 0 0 0 0
18.765 125 SVINFO 0 0 0 0 0 0 0
18.809 125 ROTORCRAFT_NAV_STATUS 31 0 0. 0. 0 2 0
18.863 125 ROTORCRAFT_FP 0 0 49 0 0 19607 -210 322 -7395 0 0 49 -7386 0 0
18.914 125 INS 0 0 -46 0 0 -19387 -38 5 -719
19.014 125 GPS_INT 0 0 0 0 0 0 0 0 0 0 0 0 0 0 0 0
19.014 125 SVINFO 0 0 0 0 0 0 0
19.114 125 ROTORCRAFT_FP 0 0 34 0 0 24278 -210 322 -7395 0 0 34 -7386 0 0
19.165 125 INS 0 0 -35 0 0 -40852 39 -13 -715
19.264 125 GPS_INT 0 0 0 0 0 0 0 0 0 0 0 0 0 0 0 0
19.265 125 SVINFO 0 0 0 0 0 0 0
19.364 125 ROTORCRAFT_FP 0 0 23 0 0 30695 -210 322 -7396 0 0 23 -7386 0 0
19.403 201 WIND_INFO 201 42 0. 0. 0.
19.414 125 INS 0 0 -20 0 0 -30251 42 -21 -627
19.445 125 LINK_REPORT 125 0 673 0 24701 629 0 810. 19. 0 3.1
19.503 125 DL_VALUE 28 400.
19.513 125 GPS_INT 0 0 0 0 0 0 0 0 0 0 0 0 0 0 0 0
19.514 125 SVINFO 0 0 0 0 0 0 0
19.613 125 ROTORCRAFT_FP 0 0 16 0 0 52443 -209 322 -7396 0 0 16 -7386 0 0
19.664 125 INS 0 0 -16 0 0 -63971 43 -20 -621
19.687 125 WP_MOVED_ENU 5 7265 -12211 1280
19.764 125 GPS_INT 0 0 0 0 0 0 0 0 0 0 0 0 0 0 0 0
19.765 125 SVINFO 0 0 0 0 0 0 0
19.795 125 ROTORCRAFT_STATUS 0 0 0 39 0 4 0 0 2 1 124 34
19.810 125 ALIVE 56,254,73,81,74,170,212,145,199,106,206,243,22,157,219,69
19.864 125 ROTORCRAFT_FP 0 0 24 0 0 134989 -209 322 -7397 0 0 24 -7386 0 0
19.914 125 INS 0 0 -25 0 0 -141205 -33 -3 -617
20.013 125 GPS_INT 0 0 0 0 0 0 0 0 0 0 0 0 0 0 0 0
20.014 125 SVINFO 0 0 0 0 0 0 0
20.108 125 STATE_FILTER_STATUS 3 0
20.112 125 ROTORCRAFT_FP 0 0 30 0 0 150042 -209 322 -7397 0 0 30 -7386 0 0
20.164 125 INS 0 0 -31 0 0 -156357 -32 -3 -610
20.264 125 GPS_INT 0 0 0 0 0 0 0 0 0 0 0 0 0 0 0 0
20.264 125 SVINFO 0 0 0 0 0 0 0
20.363 125 ROTORCRAFT_FP 0 0 13 0 0 77148 -209 322 -7397 0 0 13 -7386 0 0
20.408 125 ROTORCRAFT_NAV_STATUS 32 0 0. 0. 0 2 0
20.414 125 INS 0 0 -12 0 0 -76467 44 -20 -596
20.450 125 LINK_REPORT 125 0 674 0 25535 651 0 834. 22. 0 3.1
20.513 125 GPS_INT 0 0 0 0 0 0 0 0 0 0 0 0 0 0 0 0
20.514 125 SVINFO 0 0 0 0 0 0 0
20.602 125 DL_VALUE 29 350.
20.612 125 ROTORCRAFT_FP 0 0 21 0 0 132775 -209 322 -7398 0 0 21 -7386 0 0
20.663 125 INS 0 0 -16 0 0 -104261 -31 -3 -587
20.763 125 GPS_INT 0 0 0 0 0 0 0 0 0 0 0 0 0 0 0 0
20.764 125 SVINFO 0 0 0 0 0 0 0
20.864 125 ROTORCRAFT_FP 0 0 5 0 0 75783 -208 322 -7398 0 0 5 -7386 0 0
20.913 125 INS 0 0 -6 0 0 -83047 46 -20 -580
20.985 125 WP_MOVED_ENU 6 4367 -4940 1280
20.993 125 ROTORCRAFT_STATUS 0 0 0 39 0 4 0 0 2 1 124 35
21.012 125 GPS_INT 0 0 0 0 0 0 0 0 0 0 0 0 0 0 0 0
21.013 125 SVINFO 0 0 0 0 0 0 0
21.016 125 AUTOPILOT_VERSION 50401 v5.4.1_stable-4-ga603c8e
21.113 125 ROTORCRAFT_FP 0 0 19 0 0 147353 -208 322 -7399 0 0 19 -7386 0 0
21.163 125 INS 0 0 -26 0 0 -180300 48 -21 -581
21.264 125 GPS_INT 0 0 0 0 0 0 0 0 0 0 0 0 0 0 0 0
21.265 125 SVINFO 0 0 0 0 0 0 0
21.363 125 ROTORCRAFT_FP 0 0 17 0 0 120106 -207 323 -7398 0 0 17 -7386 0 0
21.413 125 INS 0 0 -21 0 0 -140860 47 -14 -648
21.435 125 LINK_REPORT 125 0 675 0 26351 671 0 816. 20. 0 3.1
21.513 125 GPS_INT 0 0 0 0 0 0 0 0 0 0 0 0 0 0 0 0
21.513 125 SVINFO 0 0 0 0 0 0 0
21.613 125 ROTORCRAFT_FP 0 0 20 0 0 126078 -206 323 -7398 0 0 20 -7386 0 0
21.629 201 WIND_INFO 201 42 0. 0. 0.
21.645 125 PONG 
21.663 125 INS 0 0 -22 0 0 -136012 -26 -2 -557
21.702 125 DL_VALUE 30 75.
21.764 125 GPS_INT 0 0 0 0 0 0 0 0 0 0 0 0 0 0 0 0
21.765 125 SVINFO 0 0 0 0 0 0 0
21.862 125 ROTORCRAFT_FP 0 0 11 0 0 93509 -206 323 -7399 0 0 11 -7386 0 0
21.909 125 ALIVE 56,254,73,81,74,170,212,145,199,106,206,243,22,157,219,69
21.913 125 INS 0 0 -9 0 0 -89301 -25 -3 -545
22.005 125 ROTORCRAFT_NAV_STATUS 34 0 0. 0. 0 2 0
22.012 125 GPS_INT 0 0 0 0 0 0 0 0 0 0 0 0 0 0 0 0
22.012 125 SVINFO 0 0 0 0 0 0 0
22.112 125 ROTORCRAFT_FP 0 0 9 0 0 97772 -206 323 -7399 0 0 9 -7386 0 0
22.162 125 INS 0 0 -12 0 0 -113817 -25 -3 -542
22.192 125 ROTORCRAFT_STATUS 0 0 0 38 0 4 0 0 2 1 123 36
22.263 125 GPS_INT 0 0 0 0 0 0 0 0 0 0 0 0 0 0 0 0
22.264 125 SVINFO 0 0 0 0 0 0 0
22.284 125 WP_MOVED_ENU 7 3696 -10355 1280
22.362 125 ROTORCRAFT_FP 0 0 18 0 0 136463 -206 323 -7398 0 0 18 -7386 0 0
22.412 125 INS 0 0 -21 0 0 -143840 -25 -3 -536
22.437 125 LINK_REPORT 125 0 676 0 27182 693 0 831. 22. 0 2.25
22.511 125 GPS_INT 0 0 0 0 0 0 0 0 0 0 0 0 0 0 0 0
22.512 125 SVINFO 0 0 0 0 0 0 0
22.612 125 ROTORCRAFT_FP 0 0 25 0 0 151150 -206 323 -7398 0 0 25 -7386 0 0
22.662 125 INS 0 0 -23 0 0 -136859 52 -21 -532
22.762 125 GPS_INT 0 0 0 0 0 0 0 0 0 0 0 0 0 0 0 0
22.763 125 SVINFO 0 0 0 0 0 0 0
22.800 125 DL_VALUE 31 75.
22.862 125 ROTORCRAFT_FP 0 0 21 0 0 120848 -206 322 -7399 0 0 21 -7386 0 0
22.912 125 INS 0 0 -23 0 0 -128235 52 -21 -525
23.012 125 GPS_INT 0 0 0 0 0 0 0 0 0 0 0 0 0 0 0 0
23.013 125 SVINFO 0 0 0 0 0 0 0
23.112 125 ROTORCRAFT_FP 0 0 27 0 0 147009 -206 323 -7398 0 0 27 -7386 0 0
23.162 125 INS 0 0 -27 0 0 -144395 50 -21 -519
23.263 125 GPS_INT 0 0 0 0 0 0 0 0 0 0 0 0 0 0 0 0
23.264 125 SVINFO 0 0 0 0 0 0 0
23.307 125 STATE_FILTER_STATUS 3 0
23.362 125 ROTORCRAFT_FP 0 0 32 0 0 156735 -206 323 -7399 0 0 32 -7386 0 0
23.390 125 ROTORCRAFT_STATUS 0 0 0 39 0 4 0 0 2 1 124 37
23.412 125 INS 0 0 -23 0 0 -111635 50 -21 -510
23.437 125 LINK_REPORT 125 0 677 0 27953 712 0 771. 19. 0 2.25
23.511 125 GPS_INT 0 0 0 0 0 0 0 0 0 0 0 0 0 0 0 0
23.512 125 SVINFO 0 0 0 0 0 0 0
23.513 125 DATALINK_REPORT 0 0 743 813 0
23.589 125 WP_MOVED_ENU 8 -4887 -12894 512
23.607 125 ROTORCRAFT_NAV_STATUS 35 0 0. 0. 0 2 0
23.612 125 ROTORCRAFT_FP 0 0 23 0 0 104607 -206 322 -7399 0 0 23 -7386 0 0
23.613 125 INS_REF 462758284 11966458 437326352 435641193 14812804 198842 147000 102635.
23.662 125 INS 0 0 -20 0 0 -87033 50 -21 -502
23.762 125 GPS_INT 0 0 0 0 0 0 0 0 0 0 0 0 0 0 0 0
23.762 125 SVINFO 0 0 0 0 0 0 0
23.861 125 ROTORCRAFT_FP 0 0 11 0 0 54671 -206 322 -7399 0 0 11 -7386 0 0
23.899 125 DL_VALUE 32 50.
23.911 125 INS 0 0 -11 0 0 -64880 48 -14 -571
23.958 125 WIND_INFO 125 42 0. 0. 0.
24.003 125 WIND_INFO 125 42 0. 0. 0.
24.017 125 ALIVE 56,254,73,81,74,170,212,145,199,106,206,243,22,157,219,69
24.019 125 GPS_INT 0 0 0 0 0 0 0 0 0 0 0 0 0 0 0 0
24.019 125 SVINFO 0 0 0 0 0 0 0
24.110 125 ROTORCRAFT_FP 0 0 12 0 0 79847 -206 322 -7400 0 0 12 -7386 0 0
24.171 125 INS 0 0 -17 0 0 -108619 -26 -3 -487
24.263 125 GPS_INT 0 0 0 0 0 0 0 0 0 0 0 0 0 0 0 0
24.263 125 SVINFO 0 0 0 0 0 0 0
24.361 125 ROTORCRAFT_FP 0 0 14 0 0 96746 -206 323 -7401 0 0 14 -7386 0 0
24.411 125 INS 0 0 -13 0 0 -93460 -8 73 -474
24.438 125 LINK_REPORT 125 0 678 0 28808 734 0 855. 22. 0 2.25
24.511 125 GPS_INT 0 0 0 0 0 0 0 0 0 0 0 0 0 0 0 0
24.511 125 SVINFO 0 0 0 0 0 0 0
24.589 125 ROTORCRAFT_STATUS 0 0 0 38 0 4 0 0 2 1 124 38
24.611 125 ROTORCRAFT_FP 0 0 2 0 0 53874 -206 323 -7400 0 0 2 -7386 0 0
24.661 125 INS 0 0 -6 0 0 -77625 50 -20 -478
24.761 125 GPS_INT 0 0 0 0 0 0 0 0 0 0 0 0 0 0 0 0
24.762 125 SVINFO 0 0 0 0 0 0 0
24.861 125 ROTORCRAFT_FP 0 0 14 0 0 112361 -206 323 -7401 0 0 14 -7386 0 0
24.879 125 WP_MOVED_ENU 9 1484 -2764 1280
24.911 125 INS 0 0 -13 0 0 -108195 50 -21 -475
24.998 125 DL_VALUE 33 300.
25.010 125 GPS_INT 0 0 0 0 0 0 0 0 0 0 0 0 0 0 0 0
25.011 125 SVINFO 0 0 0 0 0 0 0
25.112 125 ROTORCRAFT_FP 0 0 14 0 0 109797 -207 323 -7401 0 0 14 -7386 0 0
25.161 125 INS 0 0 -15 0 0 -112496 68 55 -464
25.203 125 ROTORCRAFT_NAV_STATUS 37 0 0. 0. 0 2 0
25.260 125 GPS_INT 0 0 0 0 0 0 0 0 0 0 0 0 0 0 0 0
25.261 125 SVINFO 0 0 0 0 0 0 0
25.361 125 ROTORCRAFT_FP 0 0 16 0 0 112802 -207 323 -7401 0 0 16 -7386 0 0
25.413 125 INS 0 0 -17 0 0 -117606 48 -19 -465
25.438 125 LINK_REPORT 125 0 679 0 29610 754 0 802. 20. 0 2.25
25.510 125 GPS_INT 0 0 0 0 0 0 0 0 0 0 0 0 0 0 0 0
25.511 125 SVINFO 0 0 0 0 0 0 0
25.661 125 INS 0 0 -10 0 0 -71676 49 -19 -455
25.761 125 GPS_INT 0 0 0 0 0 0 0 0 0 0 0 0 0 0 0 0
25.763 125 SVINFO 0 0 0 0 0 0 0
25.788 125 ROTORCRAFT_STATUS 0 0 0 39 0 4 0 0 2 1 123 40
25.861 125 ROTORCRAFT_FP 0 0 11 0 0 89312 -207 323 -7401 0 0 11 -7386 0 0
25.910 125 INS 0 0 -14 0 0 -102461 -27 -1 -450
26.010 125 GPS_INT 0 0 0 0 0 0 0 0 0 0 0 0 0 0 0 0
26.011 125 SVINFO 0 0 0 0 0 0 0
26.098 125 DL_VALUE 34 300.
26.106 125 ALIVE 56,254,73,81,74,170,212,145,199,106,206,243,22,157,219,69
26.110 125 ROTORCRAFT_FP 0 0 24 0 0 139449 -207 323 -7402 0 0 24 -7386 0 0
26.161 125 INS 0 0 -27 0 0 -148472 -27 0 -449
26.177 125 WP_MOVED_ENU 0 10557 10949 1280
26.260 125 GPS_INT 0 0 0 0 0 0 0 0 0 0 0 0 0 0 0 0
26.261 125 SVINFO 0 0 0 0 0 0 0
26.360 125 ROTORCRAFT_FP 0 0 23 0 0 109141 -207 324 -7401 0 0 23 -7386 0 0
26.410 125 INS 0 0 -14 0 0 -62165 46 -11 -518
26.442 125 LINK_REPORT 125 0 680 0 30350 773 0 740. 19. 0 2.25
26.503 125 STATE_FILTER_STATUS 3 0
26.509 125 GPS_INT 0 0 0 0 0 0 0 0 0 0 0 0 0 0 0 0
26.510 125 SVINFO 0 0 0 0 0 0 0
26.610 125 ROTORCRAFT_FP 0 0 -1 0 0 4965 -207 324 -7402 0 0 -1 -7386 0 0
26.647 125 PONG 
26.661 125 INS 0 0 2 0 0 -11620 46 -11 -509
26.762 125 GPS_INT 0 0 0 0 0 0 0 0 0 0 0 0 0 0 0 0
26.762 125 SVINFO 0 0 0 0 0 0 0
26.803 125 ROTORCRAFT_NAV_STATUS 39 0 0. 0. 0 2 0
26.860 125 ROTORCRAFT_FP 0 0 0 0 0 51879 -207 324 -7402 0 0 0 -7386 0 0
26.910 125 INS 0 0 0 0 0 -59172 -27 1 -427
27.021 125 ROTORCRAFT_STATUS 0 0 0 39 0 4 0 0 2 1 124 41
27.024 125 GPS_INT 0 0 0 0 0 0 0 0 0 0 0 0 0 0 0 0
27.027 125 SVINFO 0 0 0 0 0 0 0
27.110 125 ROTORCRAFT_FP 0 0 -1685 0 0 -4003603 -207 324 -7403 0 0 -1685 -7386 0 0
27.197 125 DL_VALUE 35 300.
27.260 125 GPS_INT 0 0 0 0 0 0 0 0 0 0 0 0 0 0 0 0
27.261 125 SVINFO 0 0 0 0 0 0 0
27.359 125 ROTORCRAFT_FP 0 0 177 0 0 4571936 -207 324 -7403 0 0 177 -7386 0 0
27.411 125 INS 0 0 -330 0 0 -4776338 50 -17 -807
27.440 125 LINK_REPORT 125 0 681 0 31106 793 0 756. 20. 0 3.03
27.475 125 WP_MOVED_ENU 1 0 0 1280
27.509 125 GPS_INT 0 0 0 0 0 0 0 0 0 0 0 0 0 0 0 0
27.510 125 SVINFO 0 0 0 0 0 0 0
27.609 125 ROTORCRAFT_FP 0 0 -2636 0 0 -11288418 -207 324 -7403 0 0 -2636 -7386 0 0
27.660 125 INS 0 0 2023 0 0 7027266 50 -17 124
27.760 125 GPS_INT 0 0 0 0 0 0 0 0 0 0 0 0 0 0 0 0
27.761 125 SVINFO 0 0 0 0 0 0 0
27.859 125 ROTORCRAFT_FP 0 0 -53 0 0 3396858 -207 324 -7403 0 0 -53 -7386 0 0
27.909 125 INS 0 0 -255 0 0 -4485723 50 -17 -773
28.009 125 GPS_INT 0 0 0 0 0 0 0 0 0 0 0 0 0 0 0 0
28.011 125 SVINFO 0 0 0 0 0 0 0
28.108 125 ROTORCRAFT_FP 0 0 891 0 0 5263216 -207 324 -7403 0 0 891 -7386 0 0
28.159 125 INS 0 0 -996 0 0 -5119903 50 -16 -812
28.184 125 ROTORCRAFT_STATUS 0 0 0 38 0 4 0 0 2 1 124 42
28.203 125 ALIVE 56,254,73,81,74,170,212,145,199,106,206,243,22,157,219,69
28.258 125 GPS_INT 0 0 0 0 0 0 0 0 0 0 0 0 0 0 0 0
28.259 125 SVINFO 0 0 0 0 0 0 0
28.295 125 DL_VALUE 36 592.
28.358 125 ROTORCRAFT_FP 0 0 967 0 0 3130181 -206 324 -7402 0 0 967 -7386 0 0
28.401 125 ROTORCRAFT_NAV_STATUS 40 0 0. 0. 0 2 0
28.409 125 INS 0 0 -818 0 0 -2023340 50 -16 -563
28.440 125 LINK_REPORT 125 0 682 0 31931 814 0 825. 21. 0 3.03
28.508 125 GPS_INT 0 0 0 0 0 0 0 0 0 0 0 0 0 0 0 0
28.509 125 SVINFO 0 0 0 0 0 0 0
28.609 125 ROTORCRAFT_FP 0 0 692 0 0 771680 -206 324 -7402 0 0 692 -7386 0 0
28.610 125 DATALINK_REPORT 0 0 848 813 0
28.659 125 INS 0 0 -561 0 0 -76951 70 53 -324
28.711 125 INS_REF 462758284 11966458 437326352 435641193 14812804 198842 147000 102635.
28.758 125 GPS_INT 0 0 0 0 0 0 0 0 0 0 0 0 0 0 0 0
28.760 125 SVINFO 0 0 0 0 0 0 0
28.774 125 WP_MOVED_ENU 2 -23 1280 1280
28.859 125 ROTORCRAFT_FP 0 0 376 0 0 -696454 -207 324 -7402 0 0 376 -7386 0 0
28.909 125 INS 0 0 2862 0 0 15200437 50 -16 737
29.008 125 GPS_INT 0 0 0 0 0 0 0 0 0 0 0 0 0 0 0 0
29.009 125 SVINFO 0 0 0 0 0 0 0
29.108 125 ROTORCRAFT_FP 0 0 -703 0 0 -805908 -207 325 -7401 0 0 -703 -7386 0 0
29.158 125 INS 0 0 359 0 0 -934738 49 -15 -469
29.259 125 GPS_INT 0 0 0 0 0 0 0 0 0 0 0 0 0 0 0 0
29.260 125 SVINFO 0 0 0 0 0 0 0
29.358 125 ROTORCRAFT_FP 0 0 540 0 0 4092492 -207 325 -7402 0 0 540 -7386 0 0
29.382 125 ROTORCRAFT_STATUS 0 0 0 39 0 4 0 0 2 1 123 43
29.395 125 DL_VALUE 37 303.
29.404 201 WIND_INFO 201 42 0. 0. 0.
29.408 125 INS 0 0 -674 0 0 -4287393 -29 10 -785
29.440 125 LINK_REPORT 125 0 683 0 32765 835 0 834. 21. 0 3.03
29.508 125 GPS_INT 0 0 0 0 0 0 0 0 0 0 0 0 0 0 0 0
29.509 125 SVINFO 0 0 0 0 0 0 0
29.607 125 ROTORCRAFT_FP 0 0 807 0 0 3250081 -207 325 -7401 0 0 807 -7386 0 0
29.658 125 INS 0 0 -708 0 0 -2426016 -27 3 -562
29.701 125 STATE_FILTER_STATUS 3 0
29.759 125 GPS_INT 0 0 0 0 0 0 0 0 0 0 0 0 0 0 0 0
29.760 125 SVINFO 0 0 0 0 0 0 0
29.858 125 ROTORCRAFT_FP 0 0 587 0 0 963115 -207 325 -7401 0 0 587 -7386 0 0
29.908 125 INS 0 0 -564 0 0 -743869 49 -15 -437
29.999 125 ROTORCRAFT_NAV_STATUS 42 0 0. 0. 0 2 0
30.007 125 GPS_INT 0 0 0 0 0 0 0 0 0 0 0 0 0 0 0 0
30.008 125 SVINFO 0 0 0 0 0 0 0
30.107 125 ROTORCRAFT_FP 0 0 394 0 0 -198093 -207 325 -7401 0 0 394 -7386 0 0
30.158 125 INS 0 0 -373 0 0 259518 -26 3 -355
30.263 125 SVINFO 0 0 0 0 0 0 0
30.303 125 ALIVE 56,254,73,81,74,170,212,145,199,106,206,243,22,157,219,69
30.358 125 ROTORCRAFT_FP 0 0 245 0 0 -612831 -207 325 -7401 0 0 245 -7386 0 0
30.408 125 INS 0 0 -228 0 0 607190 -26 3 -327
30.439 125 LINK_REPORT 125 0 684 0 33484 853 0 719. 18. 0 3.03
30.493 125 DL_VALUE 38 0.
30.511 125 GPS_INT 0 0 0 0 0 0 0 0 0 0 0 0 0 0 0 0
30.583 125 ROTORCRAFT_STATUS 0 0 0 38 0 4 0 0 2 1 124 44
30.608 125 ROTORCRAFT_FP 0 0 152 0 0 -610229 -207 324 -7401 0 0 152 -7386 0 0
30.658 125 INS 0 0 -121 0 0 677069 49 -16 -322
30.758 125 GPS_INT 0 0 0 0 0 0 0 0 0 0 0 0 0 0 0 0
30.758 125 SVINFO 0 0 0 0 0 0 0
30.857 125 ROTORCRAFT_FP 0 0 90 0 0 -511521 -207 325 -7400 0 0 90 -7386 0 0
30.907 125 INS 0 0 -92 0 0 434722 47 -8 -413
31.007 125 GPS_INT 0 0 0 0 0 0 0 0 0 0 0 0 0 0 0 0
31.008 125 SVINFO 0 0 0 0 0 0 0
31.107 125 ROTORCRAFT_FP 0 0 82 0 0 -273927 -207 325 -7399 0 0 82 -7386 0 0
31.158 125 INS 0 0 -80 0 0 241759 47 -8 -423
31.258 125 GPS_INT 0 0 0 0 0 0 0 0 0 0 0 0 0 0 0 0
31.259 125 SVINFO 0 0 0 0 0 0 0
31.357 125 ROTORCRAFT_FP 0 0 62 0 0 -182008 -208 325 -7399 0 0 62 -7386 0 0
31.370 125 WP_MOVED_ENU 4 985 -3543 1280
31.407 125 INS 0 0 -59 0 0 160759 46 -8 -425
31.441 125 LINK_REPORT 125 0 685 0 34251 871 0 767. 18. 0 3.03
31.506 125 GPS_INT 0 0 0 0 0 0 0 0 0 0 0 0 0 0 0 0
31.508 125 SVINFO 0 0 0 0 0 0 0
31.594 125 DL_VALUE 39 0.
31.598 125 ROTORCRAFT_NAV_STATUS 43 0 0. 0. 0 2 0
31.606 125 ROTORCRAFT_FP 0 0 57 0 0 -64640 -208 325 -7399 0 0 57 -7386 0 0
31.629 201 WIND_INFO 201 42 0. 0. 0.
31.647 125 PONG 
31.657 125 INS 0 0 -50 0 0 82662 47 -15 -349
31.757 125 GPS_INT 0 0 0 0 0 0 0 0 0 0 0 0 0 0 0 0
31.759 125 SVINFO 0 0 0 0 0 0 0
31.779 125 ROTORCRAFT_STATUS 0 0 0 40 0 4 0 0 2 1 124 46
31.856 125 ROTORCRAFT_FP 0 0 42 0 0 -55088 -208 325 -7399 0 0 42 -7386 0 0
31.906 125 INS 0 0 -40 0 0 45032 45 -8 -426
32.008 125 GPS_INT 0 0 0 0 0 0 0 0 0 0 0 0 0 0 0 0
32.008 125 SVINFO 0 0 0 0 0 0 0
32.106 125 ROTORCRAFT_FP 0 0 35 0 0 -28885 -208 325 -7400 0 0 35 -7386 0 0
32.110 125 AUTOPILOT_VERSION 50401 v5.4.1_stable-4-ga603c8e
32.157 125 INS 0 0 -35 0 0 15517 47 -15 -346
32.257 125 GPS_INT 0 0 0 0 0 0 0 0 0 0 0 0 0 0 0 0
32.257 125 SVINFO 0 0 0 0 0 0 0
32.356 125 ROTORCRAFT_FP 0 0 30 0 0 2745 -208 325 -7400 0 0 30 -7386 0 0
32.400 125 ALIVE 56,254,73,81,74,170,212,145,199,106,206,243,22,157,219,69
32.406 125 INS 0 0 -22 0 0 28566 46 -15 -343
32.442 125 LINK_REPORT 125 0 686 0 35098 893 0 847. 22. 0 2.38
32.506 125 GPS_INT 0 0 0 0 0 0 0 0 0 0 0 0 0 0 0 0
32.507 125 SVINFO 0 0 0 0 0 0 0
32.606 125 ROTORCRAFT_FP 0 0 16 0 0 -8381 -209 325 -7401 0 0 16 -7386 0 0
32.656 125 INS 0 0 -15 0 0 5723 45 -14 -340
32.667 125 WP_MOVED_ENU 5 7265 -12211 1280
32.691 125 DL_VALUE 40 606.
32.757 125 GPS_INT 0 0 0 0 0 0 0 0 0 0 0 0 0 0 0 0
32.758 125 SVINFO 0 0 0 0 0 0 0
32.856 125 ROTORCRAFT_FP 0 0 1 0 0 -34304 -209 325 -7401 0 0 1 -7386 0 0
32.899 125 STATE_FILTER_STATUS 3 0
32.906 125 INS 0 0 -2 0 0 19707 44 -15 -337
32.979 125 ROTORCRAFT_STATUS 0 0 0 39 0 4 0 0 2 1 124 47
33.006 125 GPS_INT 0 0 0 0 0 0 0 0 0 0 0 0 0 0 0 0
33.007 125 SVINFO 0 0 0 0 0 0 0
33.106 125 ROTORCRAFT_FP 0 0 4 0 0 26218 -209 325 -7401 0 0 4 -7386 0 0
33.157 125 INS 0 0 -8 0 0 -51780 44 -15 -339
33.198 125 ROTORCRAFT_NAV_STATUS 45 0 0. 0. 0 2 0
33.256 125 GPS_INT 0 0 0 0 0 0 0 0 0 0 0 0 0 0 0 0
33.256 125 SVINFO 0 0 0 0 0 0 0
33.356 125 ROTORCRAFT_FP 0 0 28 0 0 132761 -209 324 -7401 0 0 28 -7386 0 0
33.406 125 INS 0 0 -21 0 0 -95130 -32 3 -335
33.442 125 LINK_REPORT 125 0 687 0 35909 914 0 811. 21. 0 2.38
33.507 125 GPS_INT 0 0 0 0 0 0 0 0 0 0 0 0 0 0 0 0
33.508 125 SVINFO 0 0 0 0 0 0 0
33.605 125 ROTORCRAFT_FP 0 0 5 0 0 26140 -209 324 -7401 0 0 5 -7386 0 0
33.656 125 INS 0 0 -3 0 0 -19089 -32 3 -327
33.707 125 DATALINK_REPORT 0 0 952 806 0
33.756 125 GPS_INT 0 0 0 0 0 0 0 0 0 0 0 0 0 0 0 0
33.757 125 SVINFO 0 0 0 0 0 0 0
33.791 125 DL_VALUE 41 303.
33.807 125 INS_REF 462758284 11966458 437326352 435641193 14812804 198842 147000 102635.
33.855 125 ROTORCRAFT_FP 0 0 5 0 0 42725 -209 325 -7401 0 0 5 -7386 0 0
33.906 125 INS 0 0 -7 0 0 -53057 63 61 -325
33.948 125 WIND_INFO 125 42 0. 0. 0.
33.966 125 WP_MOVED_ENU 6 4367 -4940 1280
34.003 125 WIND_INFO 125 42 0. 0. 0.
34.005 125 GPS_INT 0 0 0 0 0 0 0 0 0 0 0 0 0 0 0 0
34.007 125 SVINFO 0 0 0 0 0 0 0
34.106 125 ROTORCRAFT_FP 0 0 2 0 0 36917 -209 325 -7401 0 0 2 -7386 0 0
34.156 125 INS 0 0 0 0 0 -28200 44 -15 -327
34.177 125 ROTORCRAFT_STATUS 0 0 0 38 0 4 0 0 2 1 124 48
34.257 125 GPS_INT 0 0 0 0 0 0 0 0 0 0 0 0 0 0 0 0
34.258 125 SVINFO 0 0 0 0 0 0 0
34.355 125 ROTORCRAFT_FP 0 0 3 0 0 55698 -209 324 -7400 0 0 3 -7386 0 0
34.405 125 INS 0 0 -10 0 0 -91075 -32 3 -324
34.442 125 LINK_REPORT 125 0 688 0 36743 935 0 834. 21. 0 2.38
34.499 125 ALIVE 56,254,73,81,74,170,212,145,199,106,206,243,22,157,219,69
34.505 125 GPS_INT 0 0 0 0 0 0 0 0 0 0 0 0 0 0 0 0
34.506 125 SVINFO 0 0 0 0 0 0 0
34.607 125 ROTORCRAFT_FP 0 0 10 0 0 82598 -209 324 -7401 0 0 10 -7386 0 0
34.655 125 INS 0 0 -15 0 0 -105028 -32 3 -322
34.702 125 UART_ERRORS 0 0 0 1
34.756 125 GPS_INT 0 0 0 0 0 0 0 0 0 0 0 0 0 0 0 0
34.759 125 SVINFO 0 0 0 0 0 0 0
34.796 125 ROTORCRAFT_NAV_STATUS 47 0 0. 0. 0 2 0
34.856 125 ROTORCRAFT_FP 0 0 14 0 0 83799 -209 324 -7401 0 0 14 -7386 0 0
34.889 125 DL_VALUE 42 0.
34.905 125 INS 0 0 -20 0 0 -111348 -31 4 -320
35.006 125 GPS_INT 0 0 0 0 0 0 0 0 0 0 0 0 0 0 0 0
35.006 125 SVINFO 0 0 0 0 0 0 0
35.104 125 ROTORCRAFT_FP 0 0 18 0 0 92579 -209 325 -7401 0 0 18 -7386 0 0
35.156 125 INS 0 0 -12 0 0 -64027 -31 4 -315
35.255 125 GPS_INT 0 0 0 0 0 0 0 0 0 0 0 0 0 0 0 0
35.258 125 SVINFO 0 0 0 0 0 0 0
35.266 125 WP_MOVED_ENU 7 3696 -10355 1280
35.356 125 ROTORCRAFT_FP 0 0 -2665 0 0 -10319284 -209 325 -7402 0 0 -2665 -7386 0 0
35.378 125 ROTORCRAFT_STATUS 0 0 0 39 0 4 0 0 2 1 123 49
35.407 125 INS 0 0 2107 0 0 6523379 -31 4 80
35.443 125 LINK_REPORT 125 0 689 0 37581 957 0 838. 22. 0 2.38
35.505 125 GPS_INT 0 0 0 0 0 0 0 0 0 0 0 0 0 0 0 0
35.505 125 SVINFO 0 0 0 0 0 0 0
35.604 125 ROTORCRAFT_FP 0 0 -271 0 0 3029445 -209 325 -7401 0 0 -271 -7386 0 0
35.654 125 INS 0 0 -6 0 0 -3997762 -31 4 -551
35.756 125 GPS_INT 0 0 0 0 0 0 0 0 0 0 0 0 0 0 0 0
35.757 125 SVINFO 0 0 0 0 0 0 0
35.855 125 ROTORCRAFT_FP 0 0 557 0 0 4524388 -209 325 -7402 0 0 557 -7386 0 0
35.905 125 INS 0 0 -636 0 0 -4373116 -31 4 -568
36.004 125 GPS_INT 0 0 0 0 0 0 0 0 0 0 0 0 0 0 0 0
36.006 125 SVINFO 0 0 0 0 0 0 0
36.101 125 STATE_FILTER_STATUS 3 0
36.105 125 ROTORCRAFT_FP 0 0 -664 0 0 709573 -209 325 -7402 0 0 -664 -7386 0 0
36.158 125 INS 0 0 264 0 0 -2532054 45 -14 -463
36.256 125 GPS_INT 0 0 0 0 0 0 0 0 0 0 0 0 0 0 0 0
36.257 125 SVINFO 0 0 0 0 0 0 0
36.355 125 ROTORCRAFT_FP 0 0 751 0 0 5469155 -209 325 -7402 0 0 751 -7386 0 0
36.396 125 ROTORCRAFT_NAV_STATUS 48 0 0. 0. 0 2 0
36.408 125 INS 0 0 -900 0 0 -5564951 45 -14 -637
36.443 125 LINK_REPORT 125 0 690 0 38339 975 0 758. 18. 0 2.38
36.519 125 GPS_INT 0 0 0 0 0 0 0 0 0 0 0 0 0 0 0 0
36.523 125 SVINFO 0 0 0 0 0 0 0
36.562 125 WP_MOVED_ENU 8 -4887 -12894 512
36.576 125 ROTORCRAFT_STATUS 0 0 0 38 0 4 0 0 2 1 123 50
36.600 125 ALIVE 56,254,73,81,74,170,212,145,199,106,206,243,22,157,219,69
36.649 125 PONG 
36.661 125 INS 0 0 1332 0 0 4759184 45 -13 -31
36.758 125 GPS_INT 0 0 0 0 0 0 0 0 0 0 0 0 0 0 0 0
36.759 125 SVINFO 0 0 0 0 0 0 0
36.853 125 ROTORCRAFT_FP 0 0 272 0 0 3327530 -210 325 -7401 0 0 272 -7386 0 0
36.904 125 INS 0 0 -523 0 0 -4126161 44 -13 -545
37.004 125 GPS_INT 0 0 0 0 0 0 0 0 0 0 0 0 0 0 0 0
37.005 125 SVINFO 0 0 0 0 0 0 0
37.087 125 DL_VALUE 44 529.
37.104 125 ROTORCRAFT_FP 0 0 978 0 0 4195994 -210 325 -7402 0 0 978 -7386 0 0
37.156 125 INS 0 0 -1044 0 0 -4030778 -32 6 -529
37.255 125 GPS_INT 0 0 0 0 0 0 0 0 0 0 0 0 0 0 0 0
37.256 125 SVINFO 0 0 0 0 0 0 0
37.354 125 ROTORCRAFT_FP 0 0 937 0 0 2060097 -210 325 -7401 0 0 937 -7386 0 0
37.404 125 INS 0 0 -924 0 0 -1758231 -32 6 -394
37.443 125 LINK_REPORT 125 0 691 0 39085 995 0 746. 20. 0 3.23
37.504 125 GPS_INT 0 0 0 0 0 0 0 0 0 0 0 0 0 0 0 0
37.504 125 SVINFO 0 0 0 0 0 0 0
37.604 125 ROTORCRAFT_FP 0 0 670 0 0 155242 -209 325 -7401 0 0 670 -7386 0 0
37.654 125 INS 0 0 -543 0 0 468709 -32 5 -264
37.755 125 GPS_INT 0 0 0 0 0 0 0 0 0 0 0 0 0 0 0 0
37.756 125 SVINFO 0 0 0 0 0 0 0
37.773 125 ROTORCRAFT_STATUS 0 0 0 40 0 4 0 0 2 1 124 52
37.853 125 ROTORCRAFT_FP 0 0 414 0 0 -799841 -209 325 -7401 0 0 414 -7386 0 0
37.861 125 WP_MOVED_ENU 9 1484 -2764 1280
37.908 125 INS 0 0 -323 0 0 1111153 -31 4 -225
37.994 125 ROTORCRAFT_NAV_STATUS 50 0 0. 0. 0 2 0
38.003 125 GPS_INT 0 0 0 0 0 0 0 0 0 0 0 0 0 0 0 0
38.004 125 SVINFO 0 0 0 0 0 0 0
38.153 125 INS 0 0 -218 0 0 980722 -31 5 -230
38.187 125 DL_VALUE 45 353.
38.254 125 GPS_INT 0 0 0 0 0 0 0 0 0 0 0 0 0 0 0 0
38.354 125 ROTORCRAFT_FP 0 0 161 0 0 -798641 -209 325 -7401 0 0 161 -7386 0 0
38.404 125 INS 0 0 -158 0 0 714160 -31 4 -243
38.444 125 LINK_REPORT 125 0 692 0 39809 1013 0 724. 18. 0 3.23
38.503 125 GPS_INT 0 0 0 0 0 0 0 0 0 0 0 0 0 0 0 0
38.503 125 SVINFO 0 0 0 0 0 0 0
38.602 125 ROTORCRAFT_FP 0 0 113 0 0 -585289 -209 325 -7401 0 0 113 -7386 0 0
38.653 125 INS 0 0 -104 0 0 549719 -30 5 -250
38.696 125 ALIVE 56,254,73,81,74,170,212,145,199,106,206,243,22,157,219,69
38.753 125 GPS_INT 0 0 0 0 0 0 0 0 0 0 0 0 0 0 0 0
38.754 125 SVINFO 0 0 0 0 0 0 0
38.804 125 DATALINK_REPORT 0 0 1058 813 0
38.853 125 ROTORCRAFT_FP 0 0 87 0 0 -368505 -209 325 -7401 0 0 87 -7386 0 0
38.903 125 INS_REF 462758284 11966458 437326352 435641193 14812804 198842 147000 102635.
38.906 125 INS 0 0 -77 0 0 368746 -30 5 -258
38.971 125 ROTORCRAFT_STATUS 0 0 0 38 0 4 0 0 2 1 124 53
39.002 125 GPS_INT 0 0 0 0 0 0 0 0 0 0 0 0 0 0 0 0
39.003 125 SVINFO 0 0 0 0 0 0 0
39.102 125 ROTORCRAFT_FP 0 0 56 0 0 -294520 -208 325 -7401 0 0 56 -7386 0 0
39.153 125 INS 0 0 -53 0 0 268725 -29 4 -261
39.158 125 WP_MOVED_ENU 0 10557 10949 1280
39.252 125 GPS_INT 0 0 0 0 0 0 0 0 0 0 0 0 0 0 0 0
39.253 125 SVINFO 0 0 0 0 0 0 0
39.285 125 DL_VALUE 46 0.
39.293 125 STATE_FILTER_STATUS 3 0
39.352 125 ROTORCRAFT_FP 0 0 45 0 0 -166802 -208 325 -7401 0 0 45 -7386 0 0
39.402 201 WIND_INFO 201 42 0. 0. 0.
39.405 125 INS 0 0 -42 0 0 153202 -29 4 -266
39.445 125 LINK_REPORT 125 0 693 0 40675 1036 0 866. 23. 0 3.23
39.507 125 GPS_INT 0 0 0 0 0 0 0 0 0 0 0 0 0 0 0 0
39.508 125 SVINFO 0 0 0 0 0 0 0
39.593 125 ROTORCRAFT_NAV_STATUS 51 0 0. 0. 0 2 0
39.603 125 ROTORCRAFT_FP 0 0 26 0 0 -141020 -208 325 -7400 0 0 26 -7386 0 0
39.653 125 INS 0 0 -27 0 0 114615 -28 4 -266
39.753 125 GPS_INT 0 0 0 0 0 0 0 0 0 0 0 0 0 0 0 0
39.753 125 SVINFO 0 0 0 0 0 0 0
39.853 125 ROTORCRAFT_FP 0 0 14 0 0 -95929 -208 325 -7400 0 0 14 -7386 0 0
39.903 125 INS 0 0 -17 0 0 62733 48 -13 -270
40.002 125 GPS_INT 0 0 0 0 0 0 0 0 0 0 0 0 0 0 0 0
40.003 125 SVINFO 0 0 0 0 0 0 0
40.102 125 ROTORCRAFT_FP 0 0 5 0 0 -55986 -208 325 -7400 0 0 5 -7386 0 0
40.153 125 INS 0 0 -6 0 0 40818 46 -7 -348
40.171 125 ROTORCRAFT_STATUS 0 0 0 39 0 4 0 0 2 1 123 54
40.253 125 GPS_INT 0 0 0 0 0 0 0 0 0 0 0 0 0 0 0 0
40.254 125 SVINFO 0 0 0 0 0 0 0
40.352 125 ROTORCRAFT_FP 0 0 11 0 0 20737 -208 325 -7399 0 0 11 -7386 0 0
40.385 125 DL_VALUE 47 52.
40.402 125 INS 0 0 -16 0 0 -51244 -28 3 -269
40.446 125 LINK_REPORT 125 0 694 0 41458 1055 0 783. 19. 0 3.23
40.457 125 WP_MOVED_ENU 1 0 0 1280
40.503 125 GPS_INT 0 0 0 0 0 0 0 0 0 0 0 0 0 0 0 0
40.503 125 SVINFO 0 0 0 0 0 0 0
40.602 125 ROTORCRAFT_FP 0 0 12 0 0 36295 -208 325 -7399 0 0 12 -7386 0 0
40.652 125 INS 0 0 -15 0 0 -50038 -28 3 -267
40.753 125 GPS_INT 0 0 0 0 0 0 0 0 0 0 0 0 0 0 0 0
40.753 125 SVINFO 0 0 0 0 0 0 0
40.795 125 ALIVE 56,254,73,81,74,170,212,145,199,106,206,243,22,157,219,69
40.852 125 ROTORCRAFT_FP 0 0 12 0 0 41955 -207 325 -7398 0 0 12 -7386 0 0
40.902 125 INS 0 0 -2 0 0 2098 -26 3 -263
41.003 125 GPS_INT 0 0 0 0 0 0 0 0 0 0 0 0 0 0 0 0
41.004 125 SVINFO 0 0 0 0 0 0 0
41.102 125 ROTORCRAFT_FP 0 0 -5 0 0 -6415 -207 325 -7399 0 0 -5 -7386 0 0
41.151 125 INS 0 0 2 0 0 -14911 -26 3 -261
41.190 125 ROTORCRAFT_NAV_STATUS 53 0 0. 0. 0 2 0
41.252 125 GPS_INT 0 0 0 0 0 0 0 0 0 0 0 0 0 0 0 0
41.253 125 SVINFO 0 0 0 0 0 0 0
41.352 125 ROTORCRAFT_FP 0 0 -17 0 0 -25134 -207 325 -7398 0 0 -17 -7386 0 0
41.369 125 ROTORCRAFT_STATUS 0 0 0 39 0 4 0 0 2 1 123 55
41.402 125 INS 0 0 15 0 0 3592 -26 3 -259
41.447 125 LINK_REPORT 125 0 695 0 42272 1075 0 814. 20. 0 3.23
41.487 125 DL_VALUE 48 0.
41.501 125 GPS_INT 0 0 0 0 0 0 0 0 0 0 0 0 0 0 0 0
41.502 125 SVINFO 0 0 0 0 0 0 0
41.601 125 ROTORCRAFT_FP 0 0 1 0 0 85097 -207 325 -7398 0 0 1 -7386 0 0
41.629 201 WIND_INFO 201 42 0. 0. 0.
41.649 125 PONG 
41.652 125 INS 0 0 0 0 0 -75057 -26 3 -261
41.751 125 GPS_INT 0 0 0 0 0 0 0 0 0 0 0 0 0 0 0 0
41.752 125 SVINFO 0 0 0 0 0 0 0
41.755 125 WP_MOVED_ENU 2 -23 1280 1280
41.851 125 ROTORCRAFT_FP 0 0 16 0 0 132490 -206 325 -7397 0 0 16 -7386 0 0
41.901 125 INS 0 0 -18 0 0 -133005 -27 10 -341
42.001 125 GPS_INT 0 0 0 0 0 0 0 0 0 0 0 0 0 0 0 0
42.002 125 SVINFO 0 0 0 0 0 0 0
42.101 125 ROTORCRAFT_FP 0 0 17 0 0 96778 -206 325 -7397 0 0 17 -7386 0 0
42.151 125 INS 0 0 -17 0 0 -94135 -24 4 -259
42.252 125 GPS_INT 0 0 0 0 0 0 0 0 0 0 0 0 0 0 0 0
42.253 125 SVINFO 0 0 0 0 0 0 0
42.351 125 ROTORCRAFT_FP 0 0 -3242 0 0 -14753954 -206 325 -7397 0 0 -3242 -7386 0 0
42.401 125 INS 0 0 2605 0 0 9888822 -25 10 162
42.447 125 LINK_REPORT 125 0 696 0 43036 1094 0 764. 19. 0 2.5
42.491 125 STATE_FILTER_STATUS 3 0
42.501 125 GPS_INT 0 0 0 0 0 0 0 0 0 0 0 0 0 0 0 0
42.502 125 SVINFO 0 0 0 0 0 0 0
42.567 125 ROTORCRAFT_STATUS 0 0 0 38 0 4 0 0 2 1 123 56
42.582 125 DL_VALUE 49 0.
42.600 125 ROTORCRAFT_FP 0 0 -584 0 0 1723976 -206 325 -7397 0 0 -584 -7386 0 0
42.651 125 INS 0 0 263 0 0 -3043474 -24 3 -407
42.751 125 GPS_INT 0 0 0 0 0 0 0 0 0 0 0 0 0 0 0 0
42.752 125 SVINFO 0 0 0 0 0 0 0
42.789 125 ROTORCRAFT_NAV_STATUS 55 0 0. 0. 0 2 0
42.893 125 ALIVE 56,254,73,81,74,170,212,145,199,106,206,243,22,157,219,69
42.901 125 INS 0 0 -568 0 0 -4513417 -4 79 -470
43.002 125 GPS_INT 0 0 0 0 0 0 0 0 0 0 0 0 0 0 0 0
43.007 125 SVINFO 0 0 0 0 0 0 0
43.053 125 WP_MOVED_ENU 3 -488 -1290 1280
43.101 125 ROTORCRAFT_FP 0 0 629 0 0 2886172 -206 326 -7397 0 0 629 -7386 0 0
43.150 125 INS 0 0 -633 0 0 -2565025 53 -14 -379
43.203 125 AUTOPILOT_VERSION 50401 v5.4.1_stable-4-ga603c8e
43.253 125 GPS_INT 0 0 0 0 0 0 0 0 0 0 0 0 0 0 0 0
43.254 125 SVINFO 0 0 0 0 0 0 0
43.350 125 ROTORCRAFT_FP 0 0 498 0 0 1012977 -206 326 -7397 0 0 498 -7386 0 0
43.400 125 INS 0 0 -480 0 0 -812767 52 -13 -291
43.447 125 LINK_REPORT 125 0 697 0 43841 1116 0 805. 22. 0 2.5
43.500 125 GPS_INT 0 0 0 0 0 0 0 0 0 0 0 0 0 0 0 0
43.503 125 SVINFO 0 0 0 0 0 0 0
43.600 125 ROTORCRAFT_FP 0 0 322 0 0 -96893 -206 326 -7396 0 0 322 -7386 0 0
43.652 125 INS 0 0 -299 0 0 186934 70 62 -233
43.683 125 DL_VALUE 50 0.
43.753 125 GPS_INT 0 0 0 0 0 0 0 0 0 0 0 0 0 0 0 0
43.754 125 SVINFO 0 0 0 0 0 0 0
43.767 125 ROTORCRAFT_STATUS 0 0 0 39 0 4 0 0 2 1 123 58
43.850 125 ROTORCRAFT_FP 0 0 180 0 0 -544542 -206 326 -7397 0 0 180 -7386 0 0
43.900 125 DATALINK_REPORT 0 0 1164 817 0
43.901 125 INS 0 0 -131 0 0 706453 -27 13 -286
43.949 125 WIND_INFO 125 42 0. 0. 0.
43.999 125 INS_REF 462758284 11966458 437326352 435641193 14812804 198842 147000 102635.
44.001 125 GPS_INT 0 0 0 0 0 0 0 0 0 0 0 0 0 0 0 0
44.001 125 SVINFO 0 0 0 0 0 0 0
44.003 125 WIND_INFO 125 42 0. 0. 0.
44.100 125 ROTORCRAFT_FP 0 0 76 0 0 -646080 -207 326 -7397 0 0 76 -7386 0 0
44.151 125 INS 0 0 -79 0 0 551968 51 -13 -218
44.251 125 GPS_INT 0 0 0 0 0 0 0 0 0 0 0 0 0 0 0 0
44.252 125 SVINFO 0 0 0 0 0 0 0
44.350 125 ROTORCRAFT_FP 0 0 65 0 0 -383298 -207 326 -7395 0 0 65 -7386 0 0
44.351 125 WP_MOVED_ENU 4 985 -3543 1280
44.389 125 ROTORCRAFT_NAV_STATUS 56 0 0. 0. 0 2 0
44.400 125 INS 0 0 -61 0 0 352933 -25 5 -223
44.449 125 LINK_REPORT 125 0 698 0 44696 1138 0 855. 22. 0 2.5
44.500 125 GPS_INT 0 0 0 0 0 0 0 0 0 0 0 0 0 0 0 0
44.500 125 SVINFO 0 0 0 0 0 0 0
44.599 125 ROTORCRAFT_FP 0 0 45 0 0 -255785 -206 326 -7394 0 0 45 -7386 0 0
44.650 125 INS 0 0 -41 0 0 240112 -26 13 -304
44.750 125 GPS_INT 0 0 0 0 0 0 0 0 0 0 0 0 0 0 0 0
44.751 125 SVINFO 0 0 0 0 0 0 0
44.781 125 DL_VALUE 51 0.
44.850 125 ROTORCRAFT_FP 0 0 27 0 0 -174803 -206 326 -7394 0 0 27 -7386 0 0
44.901 125 INS 0 0 -22 0 0 171908 50 -5 -310
44.981 125 ROTORCRAFT_STATUS 0 0 0 39 0 4 0 0 2 1 124 59
44.993 125 ALIVE 56,254,73,81,74,170,212,145,199,106,206,243,22,157,219,69
44.999 125 GPS_INT 0 0 0 0 0 0 0 0 0 0 0 0 0 0 0 0
45.000 125 SVINFO 0 0 0 0 0 0 0
45.099 125 ROTORCRAFT_FP 0 0 34 0 0 -52805 -207 326 -7394 0 0 34 -7386 0 0
45.149 125 INS 0 0 -31 0 0 53156 -25 5 -233
45.251 125 GPS_INT 0 0 0 0 0 0 0 0 0 0 0 0 0 0 0 0
45.251 125 SVINFO 0 0 0 0 0 0 0
45.349 125 ROTORCRAFT_FP 0 0 28 0 0 -34215 -207 326 -7394 0 0 28 -7386 0 0
45.399 125 INS 0 0 -32 0 0 3530 -8 81 -227
45.449 125 LINK_REPORT 125 0 699 0 45481 1157 0 785. 19. 0 2.5
45.499 125 GPS_INT 0 0 0 0 0 0 0 0 0 0 0 0 0 0 0 0
45.500 125 SVINFO 0 0 0 0 0 0 0
45.599 125 ROTORCRAFT_FP 0 0 16 0 0 -42577 -207 326 -7393 0 0 16 -7386 0 0
45.649 125 WP_MOVED_ENU 5 7265 -12211 1280
45.650 125 INS 0 0 -15 0 0 41193 49 -12 -234
45.688 125 STATE_FILTER_STATUS 3 0
45.749 125 GPS_INT 0 0 0 0 0 0 0 0 0 0 0 0 0 0 0 0
45.749 125 SVINFO 0 0 0 0 0 0 0
45.848 125 ROTORCRAFT_FP 0 0 6 0 0 -26239 -207 326 -7392 0 0 6 -7386 0 0
45.879 125 DL_VALUE 52 0.
45.899 125 INS 0 0 -7 0 0 16421 50 -12 -234
45.987 125 ROTORCRAFT_NAV_STATUS 58 0 0. 0. 0 2 0
45.999 125 GPS_INT 0 0 0 0 0 0 0 0 0 0 0 0 0 0 0 0
45.999 125 SVINFO 0 0 0 0 0 0 0
46.099 125 ROTORCRAFT_FP 0 0 28 0 0 83144 -207 326 -7393 0 0 28 -7386 0 0
46.149 125 INS 0 0 -26 0 0 -70020 -26 6 -233
46.162 125 ROTORCRAFT_STATUS 0 0 0 39 0 4 0 0 2 1 124 60
46.250 125 GPS_INT 0 0 0 0 0 0 0 0 0 0 0 0 0 0 0 0
46.251 125 SVINFO 0 0 0 0 0 0 0
46.349 125 ROTORCRAFT_FP 0 0 14 0 0 14362 -208 326 -7393 0 0 14 -7386 0 0
46.399 125 INS 0 0 -22 0 0 -51985 -27 7 -231
46.450 125 LINK_REPORT 125 0 700 0 46292 1178 0 811. 21. 0 2.5
