2.845 201 ROTORCRAFT_FP 0 0 9 0 0 42951 -84 469 -4263 0 0 512 -4263 0 0
2.846 201 INS 0 0 -10 0 0 -45089 -6 62 -5
2.914 201 GPS_INT 0 0 0 0 0 0 0 0 0 0 0 0 0 0 0 0
2.915 201 SVINFO 0 0 0 0 0 0 0
2.925 201 LINK_REPORT 201 0 3 0 2421 61 0 825. 21. 0 0.
3.152 201 INS 0 0 0 0 0 12100 33 -5 -13
3.255 201 GPS_INT 0 0 0 0 0 0 0 0 0 0 0 0 0 0 0 0
3.255 201 SVINFO 0 0 0 0 0 0 0
3.263 201 ROTORCRAFT_FP 0 0 13 0 0 37362 -85 469 -4263 0 0 512 -4263 0 0
3.313 201 INS 0 0 -13 0 0 -35624 -6 61 -5
3.459 201 GPS_INT 0 0 0 0 0 0 0 0 0 0 0 0 0 0 0 0
3.460 201 SVINFO 0 0 0 0 0 0 0
3.513 201 ROTORCRAFT_FP 0 0 1 0 0 -28328 -85 468 -4266 0 0 512 -4266 0 0
3.657 201 INS 0 0 2 0 0 44159 -6 61 -3
3.658 201 DL_VALUE 43 0.
3.659 201 AUTOPILOT_VERSION 50401 v5.4.1_stable-4-ga603c8e
3.664 201 GPS_INT 0 0 0 0 0 0 0 0 0 0 0 0 0 0 0 0
3.665 201 SVINFO 0 0 0 0 0 0 0
3.688 201 ROTORCRAFT_NAV_STATUS 111 0 0. 0. 0 2 0
3.763 201 ROTORCRAFT_FP 0 0 0 0 0 -11000 -85 468 -4265 0 0 512 -4265 0 0
3.862 201 INS 0 0 -10 0 0 -39207 -6 61 -5
3.863 201 WP_MOVED_ENU 6 4367 -4940 1280
3.864 201 ROTORCRAFT_STATUS 0 0 2 0 0 13 0 0 4 5 125 113
3.913 201 GPS_INT 0 0 0 0 0 0 0 0 0 0 0 0 0 0 0 0
3.913 201 SVINFO 0 0 0 0 0 0 0
3.926 201 LINK_REPORT 201 0 4 0 3194 81 0 773. 20. 0 0.
4.074 201 ROTORCRAFT_FP 0 0 19 0 0 68069 -85 468 -4260 0 0 512 -4260 0 0
4.075 201 INS 0 0 -26 0 0 -93578 40 -13 61
4.163 201 GPS_INT 0 0 0 0 0 0 0 0 0 0 0 0 0 0 0 0
4.163 201 SVINFO 0 0 0 0 0 0 0
4.273 201 ROTORCRAFT_FP 0 0 18 0 0 22953 -85 468 -4256 0 0 512 -4256 0 0
4.313 201 INS 0 0 -18 0 0 -18534 -73 21 -3
4.484 201 GPS_INT 0 0 0 0 0 0 0 0 0 0 0 0 0 0 0 0
4.485 201 SVINFO 0 0 0 0 0 0 0
4.579 201 ALIVE 162,135,236,102,34,46,150,201,217,153,14,160,19,150,4,210
4.581 201 ROTORCRAFT_FP 0 0 11 0 0 -16704 -85 468 -4256 0 0 512 -4256 0 0
4.582 201 INS 0 0 -10 0 0 18865 -7 61 -4
4.663 201 GPS_INT 0 0 0 0 0 0 0 0 0 0 0 0 0 0 0 0
4.663 201 SVINFO 0 0 0 0 0 0 0
4.675 201 DL_VALUE 44 529.
4.784 201 UART_ERRORS 0 0 0 1
4.785 201 ROTORCRAFT_FP 0 0 9 0 0 -10696 -85 468 -4259 0 0 512 -4259 0 0
4.812 201 INS 0 0 -11 0 0 -835 32 -6 -13
4.927 201 LINK_REPORT 201 0 5 0 3893 98 0 699. 17. 0 0.
4.989 201 STATE_FILTER_STATUS 3 0
4.990 201 DATALINK_REPORT 0 0 2298 812 0
4.991 201 GPS_INT 0 0 0 0 0 0 0 0 0 0 0 0 0 0 0 0
4.992 201 SVINFO 0 0 0 0 0 0 0
5.008 201 INS_REF 462758284 11966458 437326352 435641193 14812804 198842 147000 102613.
5.012 201 ROTORCRAFT_FP 0 0 -6 0 0 -72472 -85 468 -4261 0 0 512 -4261 0 0
5.041 201 ROTORCRAFT_STATUS 0 0 2 0 0 13 0 0 4 5 124 114
5.063 201 INS 0 0 11 0 0 87578 31 -7 -11
5.194 201 WP_MOVED_ENU 7 3696 -10355 1280
5.195 201 GPS_INT 0 0 0 0 0 0 0 0 0 0 0 0 0 0 0 0
5.196 201 SVINFO 0 0 0 0 0 0 0
5.262 201 ROTORCRAFT_FP 0 0 2 0 0 8559 -86 468 -4265 0 0 512 -4265 0 0
5.287 201 ROTORCRAFT_NAV_STATUS 112 0 0. 0. 0 2 0
5.398 201 INS 0 0 -5 0 0 -19621 30 -7 -14
5.413 201 GPS_INT 0 0 0 0 0 0 0 0 0 0 0 0 0 0 0 0
5.413 201 SVINFO 0 0 0 0 0 0 0
5.428 201 PONG 
5.604 201 ROTORCRAFT_FP 0 0 -5 0 0 -26245 -86 469 -4266 0 0 512 -4266 0 0
5.605 201 INS 0 0 4 0 0 17722 96 32 -14
5.662 201 GPS_INT 0 0 0 0 0 0 0 0 0 0 0 0 0 0 0 0
5.663 201 SVINFO 0 0 0 0 0 0 0
5.809 201 ROTORCRAFT_FP 0 0 -20 0 0 -77040 -87 469 -4265 0 0 512 -4265 0 0
5.809 201 DL_VALUE 45 353.
5.812 201 INS 0 0 19 0 0 63130 28 -8 -12
5.913 201 GPS_INT 0 0 0 0 0 0 0 0 0 0 0 0 0 0 0 0
5.913 201 SVINFO 0 0 0 0 0 0 0
5.928 201 LINK_REPORT 201 0 6 0 4839 124 0 946. 26. 0 2.19
6.012 201 ROTORCRAFT_FP 0 0 -14 0 0 -17080 -87 469 -4263 0 0 512 -4263 0 0
6.062 201 INS 0 0 14 0 0 13199 -40 -48 -11
6.218 201 GPS_INT 0 0 0 0 0 0 0 0 0 0 0 0 0 0 0 0
6.219 201 SVINFO 0 0 0 0 0 0 0
6.240 201 ROTORCRAFT_STATUS 0 0 2 0 0 13 0 0 4 5 125 115
6.312 201 INS 0 0 4 0 0 -35640 27 -8 -15
6.423 201 WP_MOVED_ENU 8 -4887 -12894 512
6.424 201 GPS_INT 0 0 0 0 0 0 0 0 0 0 0 0 0 0 0 0
6.425 201 SVINFO 0 0 0 0 0 0 0
6.511 201 ROTORCRAFT_FP 0 0 12 0 0 81855 -87 469 -4263 0 0 512 -4263 0 0
6.628 201 INS 0 0 -15 0 0 -87099 27 -8 -15
6.629 201 ALIVE 162,135,236,102,34,46,150,201,217,153,14,160,19,150,4,210
6.662 201 GPS_INT 0 0 0 0 0 0 0 0 0 0 0 0 0 0 0 0
6.662 201 SVINFO 0 0 0 0 0 0 0
6.871 201 DL_VALUE 46 0.
6.886 201 ROTORCRAFT_NAV_STATUS 114 0 0. 0. 0 2 0
6.912 201 GPS_INT 0 0 0 0 0 0 0 0 0 0 0 0 0 0 0 0
6.912 201 SVINFO 0 0 0 0 0 0 0
6.928 201 LINK_REPORT 201 0 7 0 5494 142 0 655. 18. 0 2.19
7.038 201 ROTORCRAFT_FP 0 0 5 0 0 5942 -87 468 -4261 0 0 512 -4261 0 0
7.062 201 INS 0 0 -10 0 0 -29267 -78 18 -4
7.243 201 GPS_INT 0 0 0 0 0 0 0 0 0 0 0 0 0 0 0 0
7.243 201 SVINFO 0 0 0 0 0 0 0
7.261 201 ROTORCRAFT_FP 0 0 6 0 0 11161 -87 468 -4265 0 0 512 -4265 0 0
7.312 201 INS 0 0 -6 0 0 -8062 29 -9 -13
7.448 201 GPS_INT 0 0 0 0 0 0 0 0 0 0 0 0 0 0 0 0
7.448 201 SVINFO 0 0 0 0 0 0 0
7.449 201 ROTORCRAFT_STATUS 0 0 2 0 0 13 0 0 4 5 125 116
7.511 201 ROTORCRAFT_FP 0 0 7 0 0 16465 -87 468 -4263 0 0 512 -4263 0 0
7.668 201 INS 0 0 -9 0 0 -23008 29 -8 -14
7.669 201 GPS_INT 0 0 0 0 0 0 0 0 0 0 0 0 0 0 0 0
7.676 201 SVINFO 0 0 0 0 0 0 0
7.712 201 WP_MOVED_ENU 9 1484 -2764 1280
7.857 201 ROTORCRAFT_FP 0 0 4 0 0 -8611 -87 468 -4262 0 0 512 -4262 0 0
7.857 201 INS 0 0 -7 0 0 -8939 29 -8 -13
7.911 201 GPS_INT 0 0 0 0 0 0 0 0 0 0 0 0 0 0 0 0
7.911 201 SVINFO 0 0 0 0 0 0 0
7.929 201 LINK_REPORT 201 0 8 0 6264 160 0 770. 18. 0 2.19
8.061 201 INS 0 0 -1 0 0 17103 -72 12 73
8.062 201 DL_VALUE 47 52.
8.064 201 ROTORCRAFT_FP 0 0 3 0 0 -9509 -87 468 -4263 0 0 512 -4263 0 0
8.161 201 GPS_INT 0 0 0 0 0 0 0 0 0 0 0 0 0 0 0 0
8.162 201 SVINFO 0 0 0 0 0 0 0
8.266 201 STATE_FILTER_STATUS 3 0
8.267 201 ROTORCRAFT_FP 0 0 14 0 0 33274 -87 468 -4266 0 0 512 -4266 0 0
8.311 201 INS 0 0 -15 0 0 -34614 28 -8 -14
8.471 201 GPS_INT 0 0 0 0 0 0 0 0 0 0 0 0 0 0 0 0
8.472 201 SVINFO 0 0 0 0 0 0 0
8.485 201 ROTORCRAFT_NAV_STATUS 115 0 0. 0. 0 2 0
8.511 201 ROTORCRAFT_FP 0 0 9 0 0 4100 -87 468 -4261 0 0 512 -4261 0 0
8.565 201 INS 0 0 -12 0 0 -17457 -5 52 72
8.679 201 ROTORCRAFT_STATUS 0 0 2 0 0 13 0 0 4 5 125 118
8.679 201 GPS_INT 0 0 0 0 0 0 0 0 0 0 0 0 0 0 0 0
8.679 201 SVINFO 0 0 0 0 0 0 0
8.691 201 ALIVE 162,135,236,102,34,46,150,201,217,153,14,160,19,150,4,210
8.760 201 ROTORCRAFT_FP 0 0 10 0 0 207 -87 468 -4262 0 0 512 -4262 0 0
8.811 201 INS 0 0 -15 0 0 -26212 28 -8 -14
8.910 201 GPS_INT 0 0 0 0 0 0 0 0 0 0 0 0 0 0 0 0
8.911 201 SVINFO 0 0 0 0 0 0 0
8.929 201 LINK_REPORT 201 0 9 0 7079 181 0 815. 21. 0 2.19
9.007 201 WP_MOVED_ENU 0 10557 10949 1280
9.011 201 ROTORCRAFT_FP 0 0 9 0 0 -17143 -87 468 -4259 0 0 512 -4259 0 0
9.060 201 INS 0 0 -1 0 0 51931 28 -8 -12
9.070 201 DL_VALUE 48 0.
9.161 201 GPS_INT 0 0 0 0 0 0 0 0 0 0 0 0 0 0 0 0
9.161 201 SVINFO 0 0 0 0 0 0 0
9.260 201 ROTORCRAFT_FP 0 0 -4 0 0 -60204 -87 468 -4263 0 0 512 -4263 0 0
9.310 201 INS 0 0 7 0 0 63117 29 -9 -12
9.410 201 GPS_INT 0 0 0 0 0 0 0 0 0 0 0 0 0 0 0 0
9.410 201 SVINFO 0 0 0 0 0 0 0
9.510 201 ROTORCRAFT_FP 0 0 -10 0 0 -60807 -87 469 -4261 0 0 512 -4261 0 0
9.560 201 INS 0 0 13 0 0 66081 28 -8 -12
9.660 201 GPS_INT 0 0 0 0 0 0 0 0 0 0 0 0 0 0 0 0
9.661 201 SVINFO 0 0 0 0 0 0 0
9.760 201 ROTORCRAFT_FP 0 0 -14 0 0 -37603 -87 468 -4259 0 0 512 -4259 0 0
9.810 201 INS 0 0 15 0 0 38135 28 -7 -13
9.836 201 ROTORCRAFT_STATUS 0 0 2 0 0 13 0 0 4 5 124 119
9.913 201 SVINFO 0 0 0 0 0 0 0
9.930 201 LINK_REPORT 201 0 10 0 7798 199 0 719. 18. 0 2.19
10.005 201 DATALINK_REPORT 0 0 2403 811 0
10.009 201 ROTORCRAFT_FP 0 0 -26 0 0 -72645 -87 469 -4257 0 0 512 -4257 0 0
10.060 201 INS 0 0 20 0 0 37966 -39 -47 -12
10.084 201 ROTORCRAFT_NAV_STATUS 117 0 0. 0. 0 2 0
10.105 201 INS_REF 462758284 11966458 437326352 435641193 14812804 198842 147000 102613.
10.160 201 GPS_INT 0 0 0 0 0 0 0 0 0 0 0 0 0 0 0 0
10.161 201 SVINFO 0 0 0 0 0 0 0
10.177 201 DL_VALUE 49 0.
10.259 201 ROTORCRAFT_FP 0 0 -10 0 0 9860 -87 469 -4262 0 0 512 -4262 0 0
10.306 201 WP_MOVED_ENU 1 0 0 1280
10.310 201 INS 0 0 10 0 0 -11084 101 25 60
10.410 201 GPS_INT 0 0 0 0 0 0 0 0 0 0 0 0 0 0 0 0
10.411 201 SVINFO 0 0 0 0 0 0 0
10.429 201 PONG 
10.509 201 ROTORCRAFT_FP 0 0 -3 0 0 33825 -87 469 -4261 0 0 512 -4261 0 0
10.569 201 INS 0 0 1 0 0 -41801 29 -8 -13
10.660 201 GPS_INT 0 0 0 0 0 0 0 0 0 0 0 0 0 0 0 0
10.660 201 SVINFO 0 0 0 0 0 0 0
10.759 201 ROTORCRAFT_FP 0 0 3 0 0 54651 -87 469 -4261 0 0 512 -4261 0 0
10.790 201 ALIVE 162,135,236,102,34,46,150,201,217,153,14,160,19,150,4,210
10.809 201 INS 0 0 -3 0 0 -46055 29 -8 -15
10.909 201 GPS_INT 0 0 0 0 0 0 0 0 0 0 0 0 0 0 0 0
10.910 201 SVINFO 0 0 0 0 0 0 0
10.931 201 LINK_REPORT 201 0 11 0 8659 222 0 861. 23. 0 3.36
11.009 201 ROTORCRAFT_FP 0 0 6 0 0 36932 -86 469 -4259 0 0 512 -4259 0 0
11.034 201 ROTORCRAFT_STATUS 0 0 2 0 0 13 0 0 4 5 124 120
11.059 201 INS 0 0 -13 0 0 -67175 29 -8 -14
11.159 201 GPS_INT 0 0 0 0 0 0 0 0 0 0 0 0 0 0 0 0
11.160 201 SVINFO 0 0 0 0 0 0 0
11.259 201 ROTORCRAFT_FP 0 0 16 0 0 49941 -87 469 -4260 0 0 512 -4260 0 0
11.268 201 DL_VALUE 50 0.
11.309 201 INS 0 0 -12 0 0 -29740 29 -8 -14
11.383 201 STATE_FILTER_STATUS 3 0
11.409 201 GPS_INT 0 0 0 0 0 0 0 0 0 0 0 0 0 0 0 0
11.410 201 SVINFO 0 0 0 0 0 0 0
11.508 201 ROTORCRAFT_FP 0 0 -1 0 0 -40197 -87 469 -4260 0 0 512 -4260 0 0
11.559 201 INS 0 0 0 0 0 25224 28 -8 -12
11.603 201 WP_MOVED_ENU 2 -23 1280 1280
11.661 201 GPS_INT 0 0 0 0 0 0 0 0 0 0 0 0 0 0 0 0
11.662 201 SVINFO 0 0 0 0 0 0 0
11.681 201 ROTORCRAFT_NAV_STATUS 119 0 0. 0. 0 2 0
11.759 201 ROTORCRAFT_FP 0 0 3 0 0 -4648 -87 469 -4261 0 0 512 -4261 0 0
11.809 201 INS 0 0 -5 0 0 -2908 27 -7 -13
11.911 201 GPS_INT 0 0 0 0 0 0 0 0 0 0 0 0 0 0 0 0
11.912 201 SVINFO 0 0 0 0 0 0 0
11.932 201 LINK_REPORT 201 0 12 0 9470 243 0 811. 21. 0 3.36
12.012 201 ROTORCRAFT_FP 0 0 -15 0 0 -77923 -88 469 -4259 0 0 512 -4259 0 0
12.059 201 INS 0 0 16 0 0 71708 26 -9 -13
12.159 201 GPS_INT 0 0 0 0 0 0 0 0 0 0 0 0 0 0 0 0
12.160 201 SVINFO 0 0 0 0 0 0 0
12.235 201 ROTORCRAFT_STATUS 0 0 2 0 0 13 0 0 4 5 124 121
12.258 201 ROTORCRAFT_FP 0 0 -12 0 0 -29691 -88 469 -4262 0 0 512 -4262 0 0
12.309 201 INS 0 0 11 0 0 19479 25 -9 -14
12.368 201 DL_VALUE 51 0.
12.409 201 GPS_INT 0 0 0 0 0 0 0 0 0 0 0 0 0 0 0 0
12.409 201 SVINFO 0 0 0 0 0 0 0
12.509 201 ROTORCRAFT_FP 0 0 5 0 0 51833 -88 469 -4261 0 0 512 -4261 0 0
12.559 201 INS 0 0 -10 0 0 -73804 26 -8 -15
12.659 201 GPS_INT 0 0 0 0 0 0 0 0 0 0 0 0 0 0 0 0
12.660 201 SVINFO 0 0 0 0 0 0 0
12.758 201 ROTORCRAFT_FP 0 0 9 0 0 31055 -87 469 -4260 0 0 512 -4260 0 0
12.808 201 INS 0 0 -3 0 0 4882 99 26 62
12.888 201 ALIVE 162,135,236,102,34,46,150,201,217,153,14,160,19,150,4,210
12.901 201 WP_MOVED_ENU 3 -488 -1290 1280
12.908 201 GPS_INT 0 0 0 0 0 0 0 0 0 0 0 0 0 0 0 0
12.908 201 SVINFO 0 0 0 0 0 0 0
12.932 201 LINK_REPORT 201 0 13 0 10274 263 0 804. 20. 0 3.36
13.008 201 ROTORCRAFT_FP 0 0 9 0 0 21715 -87 470 -4257 0 0 512 -4257 0 0
13.059 201 INS 0 0 -6 0 0 -2567 -14 60 -6
13.158 201 GPS_INT 0 0 0 0 0 0 0 0 0 0 0 0 0 0 0 0
13.159 201 SVINFO 0 0 0 0 0 0 0
13.258 201 ROTORCRAFT_FP 0 0 2 0 0 -3178 -88 469 -4255 0 0 512 -4255 0 0
13.281 201 ROTORCRAFT_NAV_STATUS 120 0 0. 0. 0 2 0
13.308 201 INS 0 0 0 0 0 12962 31 -14 63
13.408 201 GPS_INT 0 0 0 0 0 0 0 0 0 0 0 0 0 0 0 0
13.409 201 SVINFO 0 0 0 0 0 0 0
13.431 201 ROTORCRAFT_STATUS 0 0 2 0 0 13 0 0 4 5 125 122
13.466 201 DL_VALUE 52 0.
13.508 201 ROTORCRAFT_FP 0 0 -6 0 0 -38146 -87 470 -4257 0 0 512 -4257 0 0
13.558 201 INS 0 0 6 0 0 31948 25 -6 -13
13.658 201 GPS_INT 0 0 0 0 0 0 0 0 0 0 0 0 0 0 0 0
13.659 201 SVINFO 0 0 0 0 0 0 0
13.758 201 ROTORCRAFT_FP 0 0 2 0 0 11577 -88 470 -4256 0 0 512 -4256 0 0
13.808 201 INS 0 0 -3 0 0 -20030 25 -6 -14
13.907 201 GPS_INT 0 0 0 0 0 0 0 0 0 0 0 0 0 0 0 0
13.908 201 SVINFO 0 0 0 0 0 0 0
13.933 201 LINK_REPORT 201 0 14 0 11057 282 0 783. 19. 0 3.36
14.008 201 ROTORCRAFT_FP 0 0 12 0 0 36470 -87 470 -4254 0 0 512 -4254 0 0
14.058 201 INS 0 0 -4 0 0 4369 92 34 -16
14.158 201 GPS_INT 0 0 0 0 0 0 0 0 0 0 0 0 0 0 0 0
14.159 201 SVINFO 0 0 0 0 0 0 0
14.200 201 WP_MOVED_ENU 4 985 -3543 1280
14.257 201 ROTORCRAFT_FP 0 0 1 0 0 -19099 -87 470 -4250 0 0 512 -4250 0 0
14.407 201 GPS_INT 0 0 0 0 0 0 0 0 0 0 0 0 0 0 0 0
14.408 201 SVINFO 0 0 0 0 0 0 0
14.506 201 ROTORCRAFT_FP 0 0 -11 0 0 -67849 -87 470 -4254 0 0 512 -4254 0 0
