3.338 125 LINK_REPORT 125 0 211 0 152760 3400 0 744. 17. 0 1.99
3.352 125 GPS_INT 392430242 30035958 500216339 519906538 43767904 111 111 0 0 0 0 0 0 0 15 3
3.491 125 WP_MOVED_ENU 6 -386 -284 256
3.493 125 ROTORCRAFT_FP 25 565 0 0 0 0 0 0 -1079 0 0 25 -1079 0 0
3.505 125 INS 565 25 0 0 0 0 0 0 0
3.605 125 GPS_INT 392430242 30035958 500216339 519906538 43767904 111 111 0 0 0 0 0 0 0 15 3
3.704 125 ROTORCRAFT_FP 25 565 0 0 0 0 0 0 -1079 0 0 25 -1079 0 0
3.783 125 DL_VALUE 7 13.
3.784 125 INS 565 25 0 0 0 0 0 0 0
3.865 125 GPS_INT 392430242 30035958 500216339 519906538 43767904 111 111 0 0 0 0 0 0 0 15 3
3.965 125 ROTORCRAFT_FP 25 565 0 0 0 0 0 0 -1079 0 0 25 -1079 0 0
4.019 125 INS 565 25 0 0 0 0 0 0 0
4.077 125 ENERGY 12.3 0. 0 0.
4.119 125 GPS_INT 392430242 30035958 500216339 519906538 43767904 111 111 0 0 0 0 0 0 0 15 3
4.218 125 ROTORCRAFT_FP 25 565 0 0 0 0 0 0 -1079 0 0 25 -1079 0 0
4.265 125 ROTORCRAFT_STATUS 0 0 2 0 3 13 0 0 4 5 122 10
4.269 125 INS 565 25 0 0 0 0 0 0 0
4.303 125 LINK_REPORT 125 0 212 0 153505 3416 0 745. 16. 0 1.99
4.373 125 GPS_INT 392430242 30035958 500216339 519906538 43767904 111 111 0 0 0 0 0 0 0 15 3
4.472 125 ROTORCRAFT_FP 25 565 0 0 0 0 0 0 -1079 0 0 25 -1079 0 0
4.523 125 INS 565 25 0 0 0 0 0 0 0
4.662 125 GPS_INT 392430242 30035958 500216339 519906538 43767904 111 111 0 0 0 0 0 0 0 15 3
4.729 125 ROTORCRAFT_FP 25 565 0 0 0 0 0 0 -1079 0 0 25 -1079 0 0
4.773 125 WP_MOVED_ENU 7 -773 399 256
4.779 125 ROTORCRAFT_NAV_STATUS 8 0 2.2 0. 1 1 0
4.780 125 INS 565 25 0 0 0 0 0 0 0
4.877 125 DL_VALUE 8 0.655
4.879 125 GPS_INT 392430242 30035958 500216339 519906538 43767904 111 111 0 0 0 0 0 0 0 15 3
4.988 125 ROTORCRAFT_FP 25 565 0 0 0 0 0 0 -1079 0 0 25 -1079 0 0
5.038 125 INS 565 25 0 0 0 0 0 0 0
5.089 125 ALIVE 176,154,94,114,86,170,70,95,114,243,202,226,114,160,1,244
5.138 125 GPS_INT 392430242 30035958 500216339 519906538 43767904 111 111 0 0 0 0 0 0 0 15 3
5.249 125 ROTORCRAFT_FP 25 565 0 0 0 0 0 0 -1079 0 0 25 -1079 0 0
5.293 125 INS 565 25 0 0 0 0 0 0 0
5.303 125 LINK_REPORT 125 0 213 0 154251 3432 0 746. 16. 0 1.99
5.394 125 GPS_INT 392430242 30035958 500216339 519906538 43767904 111 111 0 0 0 0 0 0 0 15 3
5.545 125 ROTORCRAFT_STATUS 0 0 2 0 3 13 0 0 4 5 123 11
5.547 125 ROTORCRAFT_FP 25 565 0 0 0 0 0 0 -1079 0 0 25 -1079 0 0
5.548 125 INS 565 25 0 0 0 0 0 0 0
5.647 125 GPS_INT 392430242 30035958 500216339 519906538 43767904 111 111 0 0 0 0 0 0 0 15 3
5.747 125 ROTORCRAFT_FP 25 565 0 0 0 0 0 0 -1079 0 0 25 -1079 0 0
5.838 125 INS 565 25 0 0 0 0 0 0 0
5.903 125 GPS_INT 392430242 30035958 500216339 519906538 43767904 111 111 0 0 0 0 0 0 0 15 3
5.905 125 STATE_FILTER_STATUS 2 0
6.000 125 DL_VALUE 9 0.
6.002 125 ROTORCRAFT_FP 25 565 0 0 0 0 0 0 -1079 0 0 0 -1079 0 0
6.053 125 INS 565 25 0 0 0 0 0 0 0
6.131 125 WP_MOVED_ENU 8 -87 826 256
6.160 125 GPS_INT 392430242 30035958 500216339 519906538 43767904 111 111 0 0 0 0 0 0 0 15 3
6.214 125 DATALINK_REPORT 0 0 176 758 0
6.259 125 ROTORCRAFT_FP 25 565 0 0 0 0 0 0 -1079 0 0 0 -1079 0 0
6.304 125 LINK_REPORT 125 0 214 0 154958 3448 0 707. 16. 0 1.99
6.310 125 INS 565 25 0 0 0 0 0 0 0
6.315 125 INS_REF 392430396 30035959 500216176 519906340 43767889 111 111 102707.
6.425 125 ROTORCRAFT_NAV_STATUS 0 0 0. 0. 2 1 3
6.426 125 GPS_INT 392430242 30035958 500216339 519906538 43767904 111 111 0 0 0 0 0 0 0 15 3
6.520 125 ROTORCRAFT_FP 25 565 0 0 0 0 0 0 -1079 0 0 0 -1079 0 0
6.570 125 INS 565 25 0 0 0 0 0 0 0
6.623 125 ENERGY 12.2 0. 0 0.
6.718 125 GPS_INT 392430242 30035958 500216339 519906538 43767904 111 111 0 0 0 0 0 0 0 15 3
6.719 125 ROTORCRAFT_STATUS 0 0 2 0 3 13 0 0 4 5 122 12
6.775 125 ROTORCRAFT_FP 25 565 0 0 0 0 0 0 -1079 0 0 0 -1079 0 0
6.825 125 INS 565 25 0 0 0 0 0 0 0
6.925 125 GPS_INT 392430242 30035958 500216339 519906538 43767904 111 111 0 0 0 0 0 0 0 15 3
7.028 125 ROTORCRAFT_FP 25 565 0 0 0 0 0 0 -1079 0 0 0 -1079 0 0
7.034 125 AUTOPILOT_VERSION 50401 v5.4.1_stable-4-ga603c8e-dirty
7.079 125 INS 565 25 0 0 0 0 0 0 0
7.125 125 DL_VALUE 10 0.
7.179 125 GPS_INT 392430242 30035958 500216339 519906538 43767904 111 111 0 0 0 0 0 0 0 15 3
7.229 125 ALIVE 176,154,94,114,86,170,70,95,114,243,202,226,114,160,1,244
7.303 125 ROTORCRAFT_FP 25 565 0 0 0 0 0 0 -1079 0 0 0 -1079 0 0
7.304 125 LINK_REPORT 125 0 215 0 155807 3467 0 849. 19. 0 1.99
7.333 125 INS 565 25 0 0 0 0 0 0 0
7.424 125 WP_MOVED_ENU 9 824 28 256
7.432 125 GPS_INT 392430242 30035958 500216339 519906538 43767904 111 111 0 0 0 0 0 0 0 15 3
7.535 125 ROTORCRAFT_FP 25 565 0 0 0 0 0 0 -1079 0 0 0 -1079 0 0
7.599 125 INS 565 25 0 0 0 0 0 0 0
7.685 125 GPS_INT 392430242 30035958 500216339 519906538 43767904 111 111 0 0 0 0 0 0 0 15 3
7.697 125 PONG 
7.785 125 ROTORCRAFT_FP 25 565 0 0 0 0 0 0 -1079 0 0 0 -1079 0 0
7.892 125 INS 565 25 0 0 0 0 0 0 0
7.933 125 ROTORCRAFT_STATUS 0 0 2 0 3 13 0 0 4 5 122 14
7.939 125 GPS_INT 392430242 30035958 500216339 519906538 43767904 111 111 0 0 0 0 0 0 0 15 3
8.038 125 ROTORCRAFT_NAV_STATUS 2 2 0. 0. 2 1 3
8.040 125 ROTORCRAFT_FP 25 565 0 0 0 0 0 0 -1079 0 0 0 -1079 0 0
8.089 125 INS 565 25 0 0 0 0 0 0 0
8.196 125 GPS_INT 392430242 30035958 500216339 519906538 43767904 111 111 0 0 0 0 0 0 0 15 3
8.242 125 DL_VALUE 11 1.
8.295 125 ROTORCRAFT_FP 25 565 0 0 0 0 0 0 -1079 0 0 0 -1079 0 0
8.305 125 LINK_REPORT 125 0 216 0 156559 3484 0 752. 17. 0 2.31
8.346 125 INS 565 25 0 0 0 0 0 0 0
8.480 125 GPS_INT 392430242 30035958 500216339 519906538 43767904 111 111 0 0 0 0 0 0 0 15 3
8.548 125 ROTORCRAFT_FP 25 565 0 0 0 0 0 0 -1079 0 0 0 -1079 0 0
8.597 125 INS 565 25 0 0 0 0 0 0 0
8.699 125 GPS_INT 392430242 30035958 500216339 519906538 43767904 111 111 0 0 0 0 0 0 0 15 3
8.773 125 WP_MOVED_ENU 10 -509 -796 256
8.803 125 ROTORCRAFT_FP 25 565 0 0 0 0 0 0 -1079 0 0 0 -1079 0 0
8.853 125 INS 565 25 0 0 0 0 0 0 0
8.953 125 GPS_INT 392430242 30035958 500216339 519906538 43767904 111 111 0 0 0 0 0 0 0 15 3
9.065 125 ROTORCRAFT_FP 25 565 0 0 0 0 0 0 -1079 0 0 0 -1079 0 0
9.108 125 INS 565 25 0 0 0 0 0 0 0
9.150 125 ROTORCRAFT_STATUS 0 0 2 0 3 13 0 0 4 5 122 15
9.158 125 STATE_FILTER_STATUS 2 0
9.160 125 ENERGY 12.2 0. 0 0.
9.208 125 GPS_INT 392430242 30035958 500216339 519906538 43767904 112 112 0 0 0 0 0 0 0 15 3
9.305 125 LINK_REPORT 125 0 217 0 157238 3499 0 679. 15. 0 2.31
9.356 125 ROTORCRAFT_FP 25 565 0 0 0 0 0 0 -1079 0 0 0 -1079 0 0
9.360 125 DL_VALUE 12 3.
9.364 125 ALIVE 176,154,94,114,86,170,70,95,114,243,202,226,114,160,1,244
9.365 125 INS 565 25 0 0 0 0 0 0 0
9.464 125 GPS_INT 392430242 30035958 500216339 519906538 43767904 112 112 0 0 0 0 0 0 0 15 3
9.563 125 ROTORCRAFT_FP 25 565 0 0 0 0 0 0 -1079 0 0 0 -1079 0 0
9.650 125 INS 565 25 0 0 0 0 0 0 0
9.666 125 ROTORCRAFT_NAV_STATUS 3 3 0. 0. 2 1 3
9.717 125 GPS_INT 392430242 30035958 500216339 519906538 43767904 111 111 0 0 0 0 0 0 0 15 3
9.817 125 ROTORCRAFT_FP 25 565 0 0 0 0 0 0 -1079 0 0 0 -1079 0 0
9.867 125 INS 565 25 0 0 0 0 0 0 0
9.971 125 GPS_INT 392430242 30035958 500216339 519906538 43767904 111 111 0 0 0 0 0 0 0 15 3
10.061 125 WP_MOVED_ENU 11 -1351 512 256
10.071 125 ROTORCRAFT_FP 25 565 0 0 0 0 0 0 -1079 0 0 0 -1079 0 0
10.121 125 INS 565 25 0 0 0 0 0 0 0
10.240 125 GPS_INT 392430242 30035958 500216339 519906538 43767904 111 111 0 0 0 0 0 0 0 15 3
10.305 125 LINK_REPORT 125 0 218 0 157984 3515 0 746. 16. 0 2.31
10.328 125 ROTORCRAFT_FP 25 565 0 0 0 0 0 0 -1079 0 0 0 -1079 0 0
10.371 125 ROTORCRAFT_STATUS 0 0 2 0 3 13 0 0 4 5 122 16
10.379 125 INS 565 25 0 0 0 0 0 0 0
10.532 125 DL_VALUE 13 0.
10.533 125 GPS_INT 392430242 30035958 500216339 519906538 43767904 111 111 0 0 0 0 0 0 0 15 3
10.581 125 ROTORCRAFT_FP 25 565 0 0 0 0 0 0 -1079 0 0 0 -1079 0 0
10.632 125 INS 565 25 0 0 0 0 0 0 0
10.732 125 GPS_INT 392430242 30035958 500216339 519906538 43767904 111 111 0 0 0 0 0 0 0 15 3
10.837 125 ROTORCRAFT_FP 25 565 0 0 0 0 0 0 -1079 0 0 0 -1079 0 0
10.887 125 INS 565 25 0 0 0 0 0 0 0
10.987 125 GPS_INT 392430242 30035958 500216339 519906538 43767904 111 111 0 0 0 0 0 0 0 15 3
11.118 125 WIND_INFO 125 42 0. 0. 0.
11.119 125 ROTORCRAFT_FP 25 565 0 0 0 0 0 0 -1079 0 0 0 -1079 0 0
11.141 125 INS 565 25 -84 0 0 2791 7 -2 356
11.241 125 GPS_INT 392430242 30035958 500216339 519906538 43767904 111 111 0 0 0 0 0 0 0 15 3
11.289 125 ROTORCRAFT_NAV_STATUS 5 5 0. 0. 2 1 3
11.305 125 LINK_REPORT 125 0 219 0 158711 3530 0 727. 15. 0 2.31
11.349 125 ROTORCRAFT_FP 25 565 84 0 0 -19751 -165 590 -1090 0 0 84 -1079 0 0
11.410 125 WP_MOVED_ENU 12 35 1338 256
11.411 125 INS 565 25 -83 0 0 32909 9 -1 351
11.412 125 DATALINK_REPORT 0 0 263 775 0
11.499 125 ALIVE 176,154,94,114,86,170,70,95,114,243,202,226,114,160,1,244
11.500 125 GPS_INT 392430242 30035958 500216339 519906538 43767904 111 111 0 0 0 0 0 0 0 15 3
11.503 125 INS_REF 392430396 30035959 500216176 519906340 43767889 111 111 102707.
11.591 125 ROTORCRAFT_STATUS 0 0 2 0 3 13 0 0 4 5 123 17
11.595 125 DL_VALUE 14 0.5
11.599 125 ROTORCRAFT_FP 25 565 83 0 0 -25811 -165 590 -1087 0 0 83 -1079 0 0
11.707 125 INS 565 25 -84 0 0 21683 -11 -76 240
11.708 125 ENERGY 12.2 0. 0 0.
11.754 125 GPS_INT 392430242 30035958 500216339 519906538 43767904 111 111 0 0 0 0 0 0 0 15 3
11.853 125 ROTORCRAFT_FP 25 565 84 0 0 -16973 -165 590 -1085 0 0 84 -1079 0 0
11.903 125 INS 565 25 -83 0 0 28908 -12 -76 200
12.010 125 GPS_INT 392430242 30035958 500216339 519906538 43767904 111 111 0 0 0 0 0 0 0 15 3
12.110 125 ROTORCRAFT_FP 25 565 83 0 0 -14772 -165 590 -1084 0 0 83 -1079 0 0
12.160 125 INS 565 25 -83 0 0 15483 7 -1 143
12.293 125 GPS_INT 392430242 30035958 500216339 519906538 43767904 111 111 0 0 0 0 0 0 0 15 3
12.306 125 LINK_REPORT 125 0 220 0 159532 3549 0 821. 19. 0 2.31
12.363 125 ROTORCRAFT_FP 25 565 83 0 0 -20840 -165 590 -1083 0 0 83 -1079 0 0
12.413 125 STATE_FILTER_STATUS 3 0
12.415 125 INS 565 25 -84 0 0 8761 8 0 110
12.519 125 GPS_INT 392430242 30035958 500216339 519906538 43767904 112 112 0 0 0 0 0 0 0 15 3
12.619 125 ROTORCRAFT_FP 25 565 83 0 0 -10489 -165 590 -1083 0 0 83 -1079 0 0
12.670 125 INS 565 25 -84 0 0 11 -4 1 12
12.698 125 PONG 
12.707 125 WP_MOVED_ENU 0 10956 10549 256
12.714 125 DL_VALUE 15 1.169371
12.770 125 GPS_INT 392430242 30035958 500216339 519906538 43767904 111 111 0 0 0 0 0 0 0 15 3
12.818 125 ROTORCRAFT_STATUS 0 0 2 0 3 13 0 0 4 5 123 18
12.881 125 ROTORCRAFT_FP 25 565 85 0 0 3417 -164 590 -1082 0 0 85 -1079 0 0
12.925 125 ROTORCRAFT_NAV_STATUS 6 6 0. 0. 2 1 3
12.927 125 INS 565 25 -85 0 0 6301 9 2 83
13.027 125 GPS_INT 392430242 30035958 500216339 519906538 43767904 111 111 0 0 0 0 0 0 0 15 3
13.173 125 ROTORCRAFT_FP 25 565 84 0 0 -12144 -163 590 -1082 0 0 84 -1079 0 0
13.180 125 INS 565 25 -83 0 0 17185 -11 -72 84
