2.929 125 LINK_REPORT 125 0 3 0 755 18 0 242. 6. 0 0.
3.085 125 GPS_INT 0 0 0 0 0 0 0 0 0 0 0 0 0 0 0 0
3.096 125 WP_MOVED_ENU 6 -386 -284 256
3.123 125 ROTORCRAFT_FP 0 0 0 0 0 0 0 0 0 0 0 25 0 0 0
3.927 125 GPS_INT 0 0 0 0 0 0 0 0 0 0 0 0 0 0 0 0
3.930 125 LINK_REPORT 125 0 4 0 962 22 0 207. 4. 0 0.
3.940 125 ROTORCRAFT_FP 0 0 0 0 0 0 0 0 0 0 0 25 0 0 0
3.941 125 INS 0 0 0 0 0 0 0 0 0
3.942 125 ENERGY 11.7 0. 0 0.
3.957 125 GPS_INT 0 0 0 0 0 0 0 0 0 0 0 0 0 0 0 0
4.246 125 ROTORCRAFT_FP 0 0 0 0 0 0 0 0 0 0 0 25 0 0 0
4.259 125 ROTORCRAFT_STATUS 0 0 2 0 0 13 0 0 4 5 117 10
4.272 125 INS 0 0 0 0 0 0 0 0 0
4.285 125 GPS_INT 0 0 0 0 0 0 0 0 0 0 0 0 0 0 0 0
4.552 125 GPS_INT 0 0 0 0 0 0 0 0 0 0 0 0 0 0 0 0
4.638 125 ROTORCRAFT_FP 0 0 0 0 0 0 0 0 0 0 0 25 0 0 0
4.708 125 WP_MOVED_ENU 7 -773 399 256
4.857 125 INS 0 0 0 0 0 0 0 0 0
4.883 125 DL_VALUE 8 0.655
4.885 125 GPS_INT 0 0 0 0 0 0 0 0 0 0 0 0 0 0 0 0
4.898 125 ROTORCRAFT_FP 0 0 0 0 0 0 0 0 0 0 0 25 0 0 0
4.927 125 INS 0 0 0 0 0 0 0 0 0
4.930 125 LINK_REPORT 125 0 5 0 1707 38 0 745. 16. 0 0.
5.163 125 ALIVE 176,154,94,114,86,170,70,95,114,243,202,226,114,160,1,244
5.215 125 GPS_INT 0 0 0 0 0 0 0 0 0 0 0 0 0 0 0 0
5.229 125 ROTORCRAFT_FP 0 0 0 0 0 0 0 0 0 0 0 25 0 0 0
5.230 125 INS 0 0 0 0 0 0 0 0 0
5.580 125 GPS_INT 0 0 0 0 0 0 0 0 0 0 0 0 0 0 0 0
5.606 125 ROTORCRAFT_FP 0 0 0 0 0 0 0 0 0 0 0 25 0 0 0
5.607 125 INS 0 0 0 0 0 0 0 0 0
5.768 125 GPS_INT 0 0 0 0 0 0 0 0 0 0 0 0 0 0 0 0
5.881 125 ROTORCRAFT_FP 0 0 0 0 0 0 0 0 0 0 0 25 0 0 0
5.883 125 INS 0 0 0 0 0 0 0 0 0
5.908 125 GPS_INT 0 0 0 0 0 0 0 0 0 0 0 0 0 0 0 0
5.920 125 STATE_FILTER_STATUS 2 2
5.931 125 LINK_REPORT 125 0 6 0 2305 50 0 598. 12. 0 -1.4266933323e+12
6.115 125 DL_VALUE 9 0.
6.128 125 ROTORCRAFT_FP 0 0 0 0 0 0 0 0 0 0 0 25 0 0 0
6.141 125 PONG 
6.166 125 INS 0 0 0 0 0 0 0 0 0
6.301 125 DATALINK_REPORT 0 0 175 744 0
6.506 125 ROTORCRAFT_FP 0 0 0 0 0 0 0 0 0 0 0 25 0 0 0
6.521 125 INS 0 0 0 0 0 0 0 0 0
6.523 125 INS_REF 392433159 30036171 500219722 519906340 43767889 45103 0 103010.
6.524 125 ROTORCRAFT_NAV_STATUS 10 0 0. 0. 0 2 0
6.538 125 GPS_INT 0 0 0 0 0 0 0 0 0 0 0 0 0 0 0 0
6.659 125 ROTORCRAFT_FP 0 0 0 0 0 0 0 0 0 0 0 25 0 0 0
6.673 125 INS 0 0 0 0 0 0 0 0 0
6.909 125 INS 0 0 0 0 0 0 0 0 0
6.923 125 GPS_INT 0 0 0 0 0 0 0 0 0 0 0 0 0 0 0 0
6.924 125 ROTORCRAFT_FP 0 0 0 0 0 0 0 0 0 0 0 25 0 0 0
6.926 125 AUTOPILOT_VERSION 50401 v5.4.1_stable-4-ga603c8e-dirty
6.927 125 INS 0 0 0 0 0 0 0 0 0
6.931 125 LINK_REPORT 125 0 7 0 3027 67 0 722. 17. 0 711.64
7.350 125 WP_MOVED_ENU 9 824 28 256
7.353 125 GPS_INT 0 0 0 0 0 0 0 0 0 0 0 0 0 0 0 0
7.366 125 ROTORCRAFT_FP 0 0 0 0 0 0 0 0 0 0 0 25 0 0 0
7.406 125 INS 0 0 0 0 0 0 0 0 0
7.737 125 ROTORCRAFT_FP 0 0 0 0 0 0 0 0 0 0 0 25 0 0 0
7.738 125 INS 0 0 0 0 0 0 0 0 0
7.739 125 ROTORCRAFT_STATUS 0 0 2 0 0 13 0 0 4 5 117 14
7.741 125 GPS_INT 0 0 0 0 0 0 0 0 0 0 0 0 0 0 0 0
7.932 125 LINK_REPORT 125 0 8 0 3405 75 0 378. 8. 0 711.64
8.013 125 ROTORCRAFT_NAV_STATUS 12 0 0. 0. 0 2 0
8.028 125 ROTORCRAFT_FP 0 0 0 0 0 0 0 0 0 0 0 25 0 0 0
8.042 125 INS 0 0 0 0 0 0 0 0 0
8.056 125 GPS_INT 0 0 0 0 0 0 0 0 0 0 0 0 0 0 0 0
8.058 125 DL_VALUE 11 1.
8.267 125 ROTORCRAFT_FP 0 0 0 0 0 0 0 0 0 0 0 25 0 0 0
8.281 125 INS 0 0 0 0 0 0 0 0 0
8.294 125 GPS_INT 0 0 0 0 0 0 0 0 0 0 0 0 0 0 0 0
8.297 125 ROTORCRAFT_FP 0 0 0 0 0 0 0 0 0 0 0 25 0 0 0
8.552 125 WP_MOVED_ENU 10 -509 -796 256
8.595 125 ROTORCRAFT_FP 0 0 0 0 0 0 0 0 0 0 0 25 0 0 0
8.620 125 INS 0 0 0 0 0 0 0 0 0
8.933 125 LINK_REPORT 125 0 9 0 3962 87 0 557. 12. 0 711.64
8.977 125 ROTORCRAFT_STATUS 0 0 2 0 0 13 0 0 4 5 117 15
8.990 125 STATE_FILTER_STATUS 2 2
9.003 125 ENERGY 11.7 0. 0 0.
9.032 125 INS 0 0 0 0 0 0 0 0 0
9.154 125 ROTORCRAFT_FP 0 0 0 0 0 0 0 0 0 0 0 25 0 0 0
9.154 125 DL_VALUE 12 3.
9.168 125 ALIVE 176,154,94,114,86,170,70,95,114,243,202,226,114,160,1,244
9.170 125 INS 0 0 0 0 0 0 0 0 0
9.318 125 GPS_INT 0 0 0 0 0 0 0 0 0 0 0 0 0 0 0 0
9.323 125 ROTORCRAFT_FP 0 0 0 0 0 0 0 0 0 0 0 25 0 0 0
9.324 125 INS 0 0 0 0 0 0 0 0 0
9.326 125 ROTORCRAFT_NAV_STATUS 13 0 0. 0. 0 2 0
9.327 125 GPS_INT 0 0 0 0 0 0 0 0 0 0 0 0 0 0 0 0
9.523 125 ROTORCRAFT_FP 0 0 0 0 0 0 0 0 0 0 0 25 0 0 0
9.535 125 INS 0 0 0 0 0 0 0 0 0
9.537 125 GPS_INT 0 0 0 0 0 0 0 0 0 0 0 0 0 0 0 0
9.782 125 WP_MOVED_ENU 11 -1351 512 256
9.784 125 ROTORCRAFT_FP 0 0 0 0 0 0 0 0 0 0 0 25 0 0 0
9.785 125 INS 0 0 0 0 0 0 0 0 0
9.786 125 GPS_INT 0 0 0 0 0 0 0 0 0 0 0 0 0 0 0 0
9.933 125 LINK_REPORT 125 0 10 0 4802 107 0 840. 20. 0 711.64
10.020 125 ROTORCRAFT_FP 0 0 0 0 0 0 0 0 0 0 0 25 0 0 0
10.033 125 ROTORCRAFT_STATUS 0 0 2 0 0 13 0 0 4 5 117 16
10.047 125 INS 0 0 0 0 0 0 0 0 0
10.060 125 DL_VALUE 13 0.
10.077 125 GPS_INT 0 0 0 0 0 0 0 0 0 0 0 0 0 0 0 0
10.186 125 ROTORCRAFT_FP 0 0 0 0 0 0 0 0 0 0 0 25 0 0 0
10.457 125 INS 0 0 0 0 0 0 0 0 0
10.459 125 GPS_INT 0 0 0 0 0 0 0 0 0 0 0 0 0 0 0 0
10.500 125 ROTORCRAFT_FP 0 0 0 0 0 0 0 0 0 0 0 25 0 0 0
10.514 125 INS 0 0 0 0 0 0 0 0 0
10.706 125 GPS_INT 0 0 0 0 0 0 0 0 0 0 0 0 0 0 0 0
10.707 125 PONG 
10.708 125 ROTORCRAFT_FP 0 0 0 0 0 -1604 -67 44 0 0 0 25 0 0 0
10.709 125 INS 0 0 0 0 0 25597 -27 -3 540
10.876 125 GPS_INT 0 0 0 0 0 0 0 0 0 0 0 0 0 0 0 0
10.934 125 LINK_REPORT 125 0 11 0 5514 122 0 712. 15. 0 276.76
11.016 125 ROTORCRAFT_NAV_STATUS 15 0 0. 0. 0 2 0
11.042 125 ROTORCRAFT_FP 0 0 13 0 0 65206 -68 44 0 0 0 25 0 0 0
11.054 125 WP_MOVED_ENU 12 35 1338 256
11.067 125 INS 0 0 -11 0 0 -30306 -29 -6 366
11.079 125 DATALINK_REPORT 0 0 262 775 0
11.106 125 ALIVE 176,154,94,114,86,170,70,95,114,243,202,226,114,160,1,244
11.119 125 GPS_INT 0 0 0 0 0 0 0 0 0 0 0 0 0 0 0 0
11.705 125 ROTORCRAFT_FP 0 0 4 0 0 -52485 -67 44 0 0 0 25 0 0 0
11.935 125 LINK_REPORT 125 0 12 0 5824 130 0 310. 8. 0 276.76
11.973 125 ROTORCRAFT_FP 0 0 41 0 0 65419 -67 44 0 0 0 25 0 0 0
11.988 125 INS 0 0 -37 0 0 -36471 53 -2 329
12.039 125 GPS_INT 0 0 0 0 0 0 0 0 0 0 0 0 0 0 0 0
12.065 125 ROTORCRAFT_FP 0 0 15 0 0 -78406 -67 43 0 0 0 25 0 0 0
12.313 125 STATE_FILTER_STATUS 3 2
12.456 125 INS 0 0 -25 0 0 36195 -25 -81 298
12.650 125 INS 0 0 -7 0 0 117392 -25 -80 343
12.914 125 WP_MOVED_ENU 0 10956 10549 256
12.924 125 DL_VALUE 15 1.169371
12.935 125 LINK_REPORT 125 0 13 0 6179 139 0 355. 9. 0 276.76
13.037 125 GPS_INT 0 0 0 0 0 0 0 0 0 0 0 0 0 0 0 0
13.388 125 WIND_INFO 125 42 0. 0. 0.
13.474 125 ROTORCRAFT_FP 0 0 3 0 0 -103717 -68 43 0 0 0 25 0 0 0
13.499 125 INS 0 0 2 0 0 121701 -25 74 198
13.869 125 GPS_INT 0 0 0 0 0 0 0 0 0 0 0 0 0 0 0 0
13.922 125 INS 0 0 25 0 0 173192 -25 -4 289
13.935 125 LINK_REPORT 125 0 14 0 6451 144 0 272. 5. 0 276.76
13.937 125 GPS_INT 0 0 0 0 0 0 0 0 0 0 0 0 0 0 0 0
14.314 125 ALIVE 176,154,94,114,86,170,70,95,114,243,202,226,114,160,1,244
14.315 125 ROTORCRAFT_FP 0 0 -36 0 0 -170290 -68 43 0 0 0 25 0 0 0
14.316 125 INS 0 0 21 0 0 114714 -25 -83 151
14.318 125 GPS_INT 0 0 0 0 0 0 0 0 0 0 0 0 0 0 0 0
14.415 125 ROTORCRAFT_FP 0 0 27 0 0 46666 -68 43 0 0 0 25 0 0 0
14.429 125 INS 0 0 -22 0 0 -25160 -24 -4 123
14.445 125 WP_MOVED_ENU 1 0 0 256
14.484 125 ROTORCRAFT_STATUS 0 0 2 0 0 13 0 0 4 5 116 20
14.522 125 GPS_INT 0 0 0 0 0 0 0 0 0 0 0 0 0 0 0 0
14.536 125 ROTORCRAFT_FP 0 0 31 0 0 33955 -68 43 0 0 0 25 0 0 0
14.765 125 INS 0 0 -4 0 0 48857 -24 -83 84
14.887 125 ENERGY 11.7 0. 0 0.
14.925 125 GPS_INT 0 0 0 0 0 0 0 0 0 0 0 0 0 0 0 0
14.937 125 LINK_REPORT 125 0 15 0 7102 158 0 651. 14. 0 276.76
14.953 125 ROTORCRAFT_FP 0 0 16 0 0 -9033 -67 43 0 0 0 25 0 0 0
15.312 125 INS 0 0 -33 0 0 -39082 -24 -82 27
15.313 125 ROTORCRAFT_NAV_STATUS 18 0 0. 0. 0 2 0
15.314 125 GPS_INT 0 0 0 0 0 0 0 0 0 0 0 0 0 0 0 0
15.316 125 ROTORCRAFT_FP 0 0 48 0 0 62855 -67 42 0 0 0 25 0 0 0
15.317 125 INS 0 0 -38 0 0 -31393 -24 -4 25
15.545 125 GPS_INT 0 0 0 0 0 0 0 0 0 0 0 0 0 0 0 0
15.546 125 ROTORCRAFT_FP 0 0 -4 0 0 -90095 -67 42 0 0 0 25 0 0 0
15.546 125 DL_VALUE 17 116.
15.548 125 INS 0 0 3 0 0 81915 -23 -2 79
15.782 125 GPS_INT 0 0 0 0 0 0 0 0 0 0 0 0 0 0 0 0
15.808 125 ROTORCRAFT_FP 0 0 17 0 0 -24818 -67 42 0 0 0 25 0 0 0
15.825 125 INS 0 0 -9 0 0 48975 -22 -79 135
15.825 125 ROTORCRAFT_STATUS 0 0 2 0 0 13 0 0 4 5 117 21
15.852 125 GPS_INT 0 0 0 0 0 0 0 0 0 0 0 0 0 0 0 0
15.938 125 LINK_REPORT 125 0 16 0 7829 173 0 727. 15. 0 -4724.32
16.127 125 WP_MOVED_ENU 2 23 1280 256
16.231 125 ROTORCRAFT_FP 0 0 29 0 0 6300 -67 42 0 0 0 25 0 0 0
16.233 125 INS 0 0 -50 0 0 -59313 -22 -2 5
16.245 125 GPS_INT 0 0 0 0 0 0 0 0 0 0 0 0 0 0 0 0
16.518 125 STATE_FILTER_STATUS 3 2
16.519 125 ROTORCRAFT_FP 0 0 77 0 0 103577 -67 41 0 0 0 25 0 0 0
16.520 125 INS 0 0 -64 0 0 -63628 -21 -2 3
16.522 125 ALIVE 176,154,94,114,86,170,70,95,114,243,202,226,114,160,1,244
16.734 125 ROTORCRAFT_FP 0 0 81 0 0 86728 -67 41 0 0 0 25 0 0 0
16.735 125 INS 0 0 -72 0 0 -61251 -21 -3 4
16.759 125 PONG 
16.772 125 DL_VALUE 18 60.
16.803 125 GPS_INT 0 0 0 0 0 0 0 0 0 0 0 0 0 0 0 0
16.840 125 ROTORCRAFT_NAV_STATUS 20 0 0. 0. 0 2 0
16.938 125 LINK_REPORT 125 0 17 0 8360 187 0 531. 14. 0 1328.39
16.944 125 ROTORCRAFT_FP 0 0 53 0 0 6182 -67 41 0 0 0 25 0 0 0
17.095 125 INS 0 0 -58 0 0 -16691 -21 -2 95
17.134 125 GPS_INT 0 0 0 0 0 0 0 0 0 0 0 0 0 0 0 0
17.256 125 ROTORCRAFT_FP 0 0 16 0 0 -82144 -67 41 0 0 0 25 0 0 0
17.257 125 ROTORCRAFT_STATUS 0 0 2 0 0 13 0 0 4 5 117 22
17.296 125 INS 0 0 4 0 0 127785 -21 -81 69
17.640 125 GPS_INT 0 0 0 0 0 0 0 0 0 0 0 0 0 0 0 0
17.640 125 DATALINK_REPORT 0 0 349 764 0
17.641 125 WP_MOVED_ENU 3 -535 -1269 256
17.643 125 ROTORCRAFT_FP 0 0 -30 0 0 -165968 -67 41 0 0 0 25 0 0 0
17.644 125 INS_REF 392433159 30036171 500219722 519906340 43767889 45103 0 103010.
17.645 125 INS 0 0 31 0 0 161360 -21 -3 77
17.876 125 ENERGY 11.7 0. 0 0.
17.889 125 GPS_INT 0 0 0 0 0 0 0 0 0 0 0 0 0 0 0 0
17.892 125 ROTORCRAFT_FP 0 0 24 0 0 -11941 -67 41 0 0 0 25 0 0 0
17.904 125 INS 0 0 -15 0 0 32624 -19 -2 109
17.939 125 LINK_REPORT 125 0 18 0 9085 203 0 725. 16. 0 1328.39
18.167 125 GPS_INT 0 0 0 0 0 0 0 0 0 0 0 0 0 0 0 0
18.267 125 DL_VALUE 19 30.
18.269 125 ROTORCRAFT_FP 0 0 16 0 0 -24527 -67 40 0 0 0 25 0 0 0
18.281 125 INS 0 0 -53 0 0 -59253 -19 -4 3
18.283 125 GPS_INT 0 0 0 0 0 0 0 0 0 0 0 0 0 0 0 0
18.522 125 ROTORCRAFT_FP 0 0 0 0 0 -61168 -67 40 0 0 0 25 0 0 0
18.586 125 INS 0 0 12 0 0 87916 -95 -82 49
18.626 125 GPS_INT 0 0 0 0 0 0 0 0 0 0 0 0 0 0 0 0
18.844 125 ROTORCRAFT_STATUS 0 0 2 0 0 13 0 0 4 5 117 23
18.858 125 ROTORCRAFT_FP 0 0 2 0 0 -42814 -67 40 0 0 0 25 0 0 0
18.883 125 INS 0 0 -6 0 0 32066 -18 -4 29
18.896 125 ROTORCRAFT_NAV_STATUS 21 0 0. 0. 0 2 0
18.910 125 GPS_INT 0 0 0 0 0 0 0 0 0 0 0 0 0 0 0 0
18.911 125 ALIVE 176,154,94,114,86,170,70,95,114,243,202,226,114,160,1,244
18.939 125 LINK_REPORT 125 0 19 0 9729 217 0 644. 14. 0 1328.39
18.963 125 ROTORCRAFT_FP 0 0 29 0 0 19402 -67 40 0 0 0 25 0 0 0
19.197 125 WP_MOVED_ENU 4 1379 -2818 256
19.309 125 INS 0 0 -51 0 0 -64231 -17 -4 0
19.377 125 GPS_INT 0 0 0 0 0 0 0 0 0 0 0 0 0 0 0 0
19.378 125 ROTORCRAFT_FP 0 0 14 0 0 -22392 -67 39 0 0 0 25 0 0 0
19.510 125 INS 0 0 14 0 0 84314 -17 -4 40
19.511 125 DL_VALUE 20 0.
19.525 125 AUTOPILOT_VERSION 50401 v5.4.1_stable-4-ga603c8e-dirty
19.539 125 GPS_INT 0 0 0 0 0 0 0 0 0 0 0 0 0 0 0 0
19.553 125 ROTORCRAFT_FP 0 0 8 0 0 -32728 -67 39 0 0 0 25 0 0 0
19.567 125 INS 0 0 8 0 0 67213 -15 -3 35
19.615 125 ROTORCRAFT_FP 0 0 14 0 0 -12437 -67 39 -1 0 0 25 -1 0 0
19.616 125 INS 0 0 -15 0 0 8495 -93 -4 -58
19.667 125 GPS_INT 0 0 0 0 0 0 0 0 0 0 0 0 0 0 0 0
19.668 125 ROTORCRAFT_STATUS 0 0 2 0 0 13 0 0 4 5 117 24
19.687 125 STATE_FILTER_STATUS 3 2
19.689 125 ROTORCRAFT_FP 0 0 -4 0 0 -53972 -67 38 -1 0 0 25 -1 0 0
19.690 125 INS 0 0 -15 0 0 9851 -14 -3 18
19.691 125 GPS_INT 0 0 0 0 0 0 0 0 0 0 0 0 0 0 0 0
19.923 125 ROTORCRAFT_FP 0 0 52 0 0 58265 -67 38 -1 0 0 25 -1 0 0
19.924 125 INS 0 0 -62 0 0 -74629 -14 -2 -2
19.936 125 WP_MOVED_ENU 5 317 143 256
19.937 125 ENERGY 11.7 0. 0 0.
19.940 125 LINK_REPORT 125 0 20 0 10755 240 0 1026. 23. 0 1328.39
19.951 125 GPS_INT 0 0 0 0 0 0 0 0 0 0 0 0 0 0 0 0
19.977 125 ROTORCRAFT_NAV_STATUS 23 0 0. 0. 0 2 0
20.416 125 ROTORCRAFT_FP 0 0 68 0 0 70079 -67 38 -1 0 0 25 -1 0 0
20.430 125 INS 0 0 -53 0 0 -36232 -14 -2 6
20.444 125 GPS_INT 0 0 0 0 0 0 0 0 0 0 0 0 0 0 0 0
20.662 125 ROTORCRAFT_FP 0 0 32 0 0 -13720 -67 38 -1 0 0 25 -1 0 0
20.663 125 INS 0 0 -24 0 0 29864 64 -2 19
20.665 125 GPS_INT 0 0 0 0 0 0 0 0 0 0 0 0 0 0 0 0
20.666 125 ROTORCRAFT_FP 0 0 43 0 0 3708 -67 38 -1 0 0 25 -1 0 0
20.941 125 LINK_REPORT 125 0 21 0 11238 249 0 483. 9. 0 -3672.58
21.062 125 ALIVE 176,154,94,114,86,170,70,95,114,243,202,226,114,160,1,244
21.076 125 INS 0 0 -20 0 0 44349 -12 -1 98
21.091 125 ROTORCRAFT_STATUS 0 0 2 0 0 13 0 0 4 5 117 26
21.118 125 GPS_INT 0 0 0 0 0 0 0 0 0 0 0 0 0 0 0 0
21.144 125 ROTORCRAFT_FP 0 0 31 0 0 -19427 -67 38 -2 0 0 25 -2 0 0
21.146 125 INS 0 0 -22 0 0 39161 -12 -2 19
21.364 125 GPS_INT 0 0 0 0 0 0 0 0 0 0 0 0 0 0 0 0
21.365 125 ROTORCRAFT_FP 0 0 36 0 0 -8392 -67 38 -2 0 0 25 -2 0 0
21.379 125 DL_VALUE 22 0.
21.392 125 INS 0 0 -35 0 0 11237 -11 -1 89
21.662 125 GPS_INT 0 0 0 0 0 0 0 0 0 0 0 0 0 0 0 0
21.674 125 ROTORCRAFT_FP 0 0 17 0 0 -49427 -67 37 -2 0 0 25 -2 0 0
21.700 125 INS 0 0 -25 0 0 32104 67 -1 14
21.942 125 LINK_REPORT 125 0 22 0 11841 262 0 603. 13. 0 -3672.58
21.956 125 GPS_INT 0 0 0 0 0 0 0 0 0 0 0 0 0 0 0 0
21.970 125 ROTORCRAFT_FP 0 0 12 0 0 -47365 -67 37 -3 0 0 25 -3 0 0
22.059 125 PONG 
22.174 125 ROTORCRAFT_NAV_STATUS 24 0 0. 0. 0 2 0
22.188 125 INS 0 0 4 0 0 78176 -11 -1 23
22.202 125 GPS_INT 0 0 0 0 0 0 0 0 0 0 0 0 0 0 0 0
22.542 125 ROTORCRAFT_FP 0 0 30 0 0 -5656 -66 37 -3 0 0 25 -3 0 0
22.569 125 INS 0 0 -8 0 0 47277 -10 0 16
22.685 125 ROTORCRAFT_STATUS 0 0 2 0 0 13 0 0 4 5 117 27
22.698 125 GPS_INT 0 0 0 0 0 0 0 0 0 0 0 0 0 0 0 0
22.918 125 ROTORCRAFT_FP 0 0 34 0 0 6463 -66 37 -3 0 0 25 -3 0 0
22.930 125 INS 0 0 -23 0 0 17609 -8 3 165
22.931 125 DL_VALUE 23 0.
22.933 125 GPS_INT 0 0 0 0 0 0 0 0 0 0 0 0 0 0 0 0
22.935 125 ROTORCRAFT_FP 0 0 27 0 0 -11166 -65 36 -3 0 0 25 -3 0 0
22.936 125 DATALINK_REPORT 0 0 435 765 0
22.943 125 LINK_REPORT 125 0 23 0 12547 278 0 706. 16. 0 1627.25
23.177 125 INS 0 0 -64 0 0 -59079 -9 2 -4
23.178 125 INS_REF 392433159 30036171 500219722 519906340 43767889 45103 0 103010.
23.192 125 ENERGY 11.6 0. 0 0.
23.205 125 GPS_INT 0 0 0 0 0 0 0 0 0 0 0 0 0 0 0 0
23.206 125 WP_MOVED_ENU 7 -773 399 256
23.208 125 ROTORCRAFT_FP 0 0 81 0 0 75022 -65 36 -3 0 0 25 -3 0 0
23.389 125 WIND_INFO 125 42 0. 0. 0.
23.438 125 INS 0 0 -74 0 0 -56715 -8 2 -3
23.439 125 STATE_FILTER_STATUS 3 2
23.456 125 ALIVE 176,154,94,114,86,170,70,95,114,243,202,226,114,160,1,244
23.458 125 GPS_INT 0 0 0 0 0 0 0 0 0 0 0 0 0 0 0 0
23.470 125 ROTORCRAFT_FP 0 0 -3 0 0 -85985 -65 36 -3 0 0 25 -3 0 0
23.588 125 INS 0 0 -3 0 0 69431 -8 1 -60
23.796 125 GPS_INT 0 0 0 0 0 0 0 0 0 0 0 0 0 0 0 0
23.798 125 ROTORCRAFT_FP 0 0 4 0 0 -60056 -65 36 -3 0 0 25 -3 0 0
23.814 125 ROTORCRAFT_STATUS 0 0 2 0 0 13 0 0 4 5 117 28
23.826 125 INS 0 0 -16 0 0 36445 -8 1 -66
23.943 125 LINK_REPORT 125 0 24 0 13225 294 0 678. 16. 0 1627.25
24.042 125 ROTORCRAFT_NAV_STATUS 26 0 0. 0. 0 2 0
24.057 125 GPS_INT 0 0 0 0 0 0 0 0 0 0 0 0 0 0 0 0
24.075 125 DL_VALUE 24 0.1
24.088 125 ROTORCRAFT_FP 0 0 9 0 0 -43357 -65 36 -4 0 0 25 -4 0 0
24.194 125 INS 0 0 -44 0 0 -20436 -7 4 78
24.208 125 GPS_INT 0 0 0 0 0 0 0 0 0 0 0 0 0 0 0 0
24.404 125 ROTORCRAFT_FP 0 0 120 0 0 147301 -65 36 -4 0 0 25 -4 0 0
24.405 125 INS 0 0 -120 0 0 -139777 71 3 57
24.431 125 GPS_INT 0 0 0 0 0 0 0 0 0 0 0 0 0 0 0 0
24.630 125 WP_MOVED_ENU 8 -87 826 256
24.643 125 ROTORCRAFT_FP 0 0 143 0 0 157064 -66 35 -4 0 0 25 -4 0 0
24.657 125 INS 0 0 -122 0 0 -114405 -7 1 -14
24.660 125 GPS_INT 0 0 0 0 0 0 0 0 0 0 0 0 0 0 0 0
24.944 125 LINK_REPORT 125 0 25 0 13842 307 0 617. 13. 0 1627.25
24.977 125 ROTORCRAFT_FP 0 0 100 0 0 58271 -66 35 -3 0 0 25 -3 0 0
24.978 125 INS 0 0 -143 0 0 -132757 71 0 -18
24.994 125 GPS_INT 0 0 0 0 0 0 0 0 0 0 0 0 0 0 0 0
25.006 125 ROTORCRAFT_STATUS 0 0 2 0 0 13 0 0 4 5 117 29
25.008 125 ROTORCRAFT_FP 0 0 129 0 0 90498 -66 35 -3 0 0 25 -3 0 0
25.594 125 GPS_INT 0 0 0 0 0 0 0 0 0 0 0 0 0 0 0 0
25.595 125 ROTORCRAFT_NAV_STATUS 28 0 0. 0. 0 2 0
25.608 125 ALIVE 176,154,94,114,86,170,70,95,114,243,202,226,114,160,1,244
25.652 125 INS 0 0 -88 0 0 -14898 72 0 0
25.840 125 ROTORCRAFT_FP 0 0 85 0 0 9652 -66 35 -3 0 0 25 -3 0 0
25.842 125 WP_MOVED_ENU 9 824 28 256
25.855 125 INS 0 0 -52 0 0 49283 -5 2 85
25.945 125 LINK_REPORT 125 0 26 0 14370 319 0 528. 12. 0 -3373.94
26.060 125 GPS_INT 0 0 0 0 0 0 0 0 0 0 0 0 0 0 0 0
26.075 125 ROTORCRAFT_FP 0 0 44 0 0 -69132 -66 35 -3 0 0 25 -3 0 0
26.076 125 INS 0 0 -40 0 0 75647 73 2 86
26.078 125 GPS_INT 0 0 0 0 0 0 0 0 0 0 0 0 0 0 0 0
26.310 125 ROTORCRAFT_STATUS 0 0 2 0 0 13 0 0 4 5 117 30
26.311 125 DL_VALUE 26 5.
26.339 125 ROTORCRAFT_FP 0 0 51 0 0 -51531 -66 35 -3 0 0 25 -3 0 0
26.367 125 INS 0 0 -69 0 0 20598 72 1 78
26.369 125 GPS_INT 0 0 0 0 0 0 0 0 0 0 0 0 0 0 0 0
26.477 125 ROTORCRAFT_FP 0 0 45 0 0 -57571 -66 35 -3 0 0 25 -3 0 0
26.481 125 INS 0 0 -28 0 0 85220 -7 -1 10
26.495 125 STATE_FILTER_STATUS 3 2
26.509 125 GPS_INT 0 0 0 0 0 0 0 0 0 0 0 0 0 0 0 0
26.526 125 ROTORCRAFT_FP 0 0 73 0 0 -5403 -67 35 -3 0 0 25 -3 0 0
26.653 125 INS 0 0 -64 0 0 20184 -7 77 -1
26.754 125 GPS_INT 0 0 0 0 0 0 0 0 0 0 0 0 0 0 0 0
26.769 125 ROTORCRAFT_FP 0 0 66 0 0 -20443 -67 35 -3 0 0 25 -3 0 0
26.946 125 LINK_REPORT 125 0 27 0 15211 336 0 841. 17. 0 -3373.94
26.994 125 INS 0 0 -89 0 0 -18752 71 0 71
26.995 125 WP_MOVED_ENU 10 -509 -796 256
27.008 125 ROTORCRAFT_NAV_STATUS 29 0 0. 0. 0 2 0
27.008 125 PONG 
27.010 125 GPS_INT 0 0 0 0 0 0 0 0 0 0 0 0 0 0 0 0
27.012 125 ROTORCRAFT_FP 0 0 66 0 0 -24925 -67 36 -3 0 0 25 -3 0 0
27.026 125 INS 0 0 -45 0 0 59371 -8 -1 4
27.157 125 ROTORCRAFT_STATUS 0 0 2 0 0 13 0 0 4 5 117 32
27.159 125 GPS_INT 0 0 0 0 0 0 0 0 0 0 0 0 0 0 0 0
27.275 125 ROTORCRAFT_FP 0 0 25 0 0 -82573 -67 36 -3 0 0 25 -3 0 0
27.276 125 ALIVE 176,154,94,114,86,170,70,95,114,243,202,226,114,160,1,244
27.533 125 INS 0 0 -32 0 0 67303 70 0 81
27.550 125 GPS_INT 0 0 0 0 0 0 0 0 0 0 0 0 0 0 0 0
27.551 125 ROTORCRAFT_FP 0 0 18 0 0 -87240 -67 36 -2 0 0 25 -2 0 0
27.565 125 INS 0 0 -24 0 0 74000 -9 -1 5
27.825 125 ROTORCRAFT_FP 0 0 28 0 0 -67172 -67 36 -2 0 0 25 -2 0 0
27.826 125 INS 0 0 -42 0 0 41291 -8 -80 1
27.839 125 DATALINK_REPORT 0 0 521 756 0
27.840 125 ENERGY 11.7 0. 0 0.
27.867 125 GPS_INT 0 0 0 0 0 0 0 0 0 0 0 0 0 0 0 0
27.947 125 LINK_REPORT 125 0 28 0 16052 356 0 841. 20. 0 1575.33
28.098 125 INS_REF 392433159 30036171 500219722 519906340 43767889 45103 0 103010.
28.111 125 ROTORCRAFT_FP 0 0 14 0 0 -81814 -67 36 -2 0 0 25 -2 0 0
28.126 125 INS 0 0 -21 0 0 67571 -8 -2 3
28.127 125 WP_MOVED_ENU 11 -1351 512 256
28.129 125 DL_VALUE 28 400.
28.131 125 GPS_INT 0 0 0 0 0 0 0 0 0 0 0 0 0 0 0 0
28.360 125 ROTORCRAFT_FP 0 0 21 0 0 -56089 -67 36 -2 0 0 25 -2 0 0
28.374 125 INS 0 0 -36 0 0 30379 -8 0 75
28.388 125 ROTORCRAFT_STATUS 0 0 2 0 0 13 0 0 4 5 116 33
28.510 125 GPS_INT 0 0 0 0 0 0 0 0 0 0 0 0 0 0 0 0
28.523 125 ROTORCRAFT_NAV_STATUS 31 0 0. 0. 0 2 0
28.751 125 ROTORCRAFT_FP 0 0 10 0 0 -68378 -67 36 -1 0 0 25 -1 0 0
28.764 125 INS 0 0 -63 0 0 -17729 -9 0 69
28.778 125 GPS_INT 0 0 0 0 0 0 0 0 0 0 0 0 0 0 0 0
28.947 125 LINK_REPORT 125 0 29 0 16668 370 0 616. 14. 0 1575.33
28.986 125 ROTORCRAFT_FP 0 0 55 0 0 -1869 -67 36 -1 0 0 25 -1 0 0
28.987 125 INS 0 0 -68 0 0 -17790 69 0 68
28.999 125 GPS_INT 0 0 0 0 0 0 0 0 0 0 0 0 0 0 0 0
29.002 125 ROTORCRAFT_FP 0 0 70 0 0 10958 -66 36 -1 0 0 25 -1 0 0
29.325 125 INS 0 0 -73 0 0 -14855 68 -1 -9
29.327 125 GPS_INT 0 0 0 0 0 0 0 0 0 0 0 0 0 0 0 0
29.340 125 DL_VALUE 29 350.
29.343 125 ROTORCRAFT_FP 0 0 53 0 0 -19696 -66 37 -1 0 0 25 -1 0 0
29.358 125 INS 0 0 -64 0 0 732 68 -1 -7
29.734 125 ROTORCRAFT_FP 0 0 111 0 0 64632 -66 37 -1 0 0 25 -1 0 0
29.747 125 ROTORCRAFT_STATUS 0 0 2 0 0 13 0 0 4 5 117 34
29.750 125 STATE_FILTER_STATUS 3 3
29.764 125 INS 0 0 -97 0 0 -38657 -10 1 65
29.866 125 GPS_INT 0 0 0 0 0 0 0 0 0 0 0 0 0 0 0 0
29.867 125 ROTORCRAFT_FP 0 0 48 0 0 -48563 -66 37 0 0 0 25 0 0 0
29.868 125 INS 0 0 -20 0 0 91788 -11 -80 2
29.870 125 GPS_INT 0 0 0 0 0 0 0 0 0 0 0 0 0 0 0 0
29.947 125 LINK_REPORT 125 0 30 0 17489 387 0 821. 17. 0 1575.33
29.986 125 ROTORCRAFT_FP 0 0 15 0 0 -93962 -66 37 0 0 0 25 0 0 0
29.987 125 ROTORCRAFT_NAV_STATUS 32 0 0. 0. 0 2 0
29.988 125 INS 0 0 -45 0 0 46141 69 1 150
29.990 125 GPS_INT 0 0 0 0 0 0 0 0 0 0 0 0 0 0 0 0
30.199 125 ROTORCRAFT_FP 0 0 28 0 0 -68738 -66 37 0 0 0 25 0 0 0
30.211 125 INS 0 0 -50 0 0 33886 -10 -1 71
30.224 125 DL_VALUE 30 75.
30.227 125 ENERGY 11.6 0. 0 0.
30.228 125 GPS_INT 0 0 0 0 0 0 0 0 0 0 0 0 0 0 0 0
30.245 125 AUTOPILOT_VERSION 50401 v5.4.1_stable-4-ga603c8e-dirty
30.456 125 ROTORCRAFT_FP 0 0 77 0 0 3502 -66 37 0 0 0 25 0 0 0
30.482 125 INS 0 0 -52 0 0 36272 -10 -1 70
30.484 125 GPS_INT 0 0 0 0 0 0 0 0 0 0 0 0 0 0 0 0
30.496 125 WP_MOVED_ENU 0 10956 10549 256
30.510 125 ROTORCRAFT_STATUS 0 0 2 0 0 13 0 0 4 5 117 35
30.512 125 ROTORCRAFT_FP 0 0 74 0 0 -4039 -67 38 0 0 0 25 0 0 0
30.630 125 INS 0 0 -67 0 0 17051 67 -1 66
30.659 125 GPS_INT 0 0 0 0 0 0 0 0 0 0 0 0 0 0 0 0
30.661 125 ROTORCRAFT_FP 0 0 47 0 0 -48926 -67 38 0 0 0 25 0 0 0
30.662 125 INS 0 0 -47 0 0 49134 66 -2 69
30.787 125 GPS_INT 0 0 0 0 0 0 0 0 0 0 0 0 0 0 0 0
30.789 125 ROTORCRAFT_FP 0 0 29 0 0 -70405 -67 38 0 0 0 25 0 0 0
30.804 125 INS 0 0 -43 0 0 48462 65 76 66
30.919 125 GPS_INT 0 0 0 0 0 0 0 0 0 0 0 0 0 0 0 0
30.944 125 DL_VALUE 31 75.
30.944 125 ROTORCRAFT_FP 0 0 72 0 0 -8285 -67 39 0 0 0 25 0 0 0
30.948 125 LINK_REPORT 125 0 31 0 18707 413 0 1218. 26. 0 -3425.84
30.953 125 ALIVE 176,154,94,114,86,170,70,95,114,243,202,226,114,160,1,244
30.965 125 INS 0 0 -75 0 0 4480 64 -3 63
31.151 125 ROTORCRAFT_NAV_STATUS 34 0 0. 0. 0 2 0
31.269 125 GPS_INT 0 0 0 0 0 0 0 0 0 0 0 0 0 0 0 0
31.282 125 ROTORCRAFT_FP 0 0 54 0 0 -45778 -67 39 0 0 0 25 0 0 0
31.283 125 PONG 
31.284 125 INS 0 0 -31 0 0 80568 64 75 67
31.297 125 GPS_INT 0 0 0 0 0 0 0 0 0 0 0 0 0 0 0 0
31.502 125 ROTORCRAFT_STATUS 0 0 2 0 0 13 0 0 4 5 117 36
31.516 125 ROTORCRAFT_FP 0 0 9 0 0 -102635 -67 40 1 0 0 25 1 0 0
31.518 125 WP_MOVED_ENU 1 0 0 256
31.532 125 INS 0 0 -18 0 0 86863 63 76 146
31.534 125 GPS_INT 0 0 0 0 0 0 0 0 0 0 0 0 0 0 0 0
31.654 125 ROTORCRAFT_FP 0 0 0 0 0 -102902 -68 40 1 0 0 25 1 0 0
31.669 125 INS 0 0 -1 0 0 98042 -17 -5 -4
31.792 125 GPS_INT 0 0 0 0 0 0 0 0 0 0 0 0 0 0 0 0
31.949 125 LINK_REPORT 125 0 32 0 19407 429 0 700. 16. 0 848.75
31.978 125 ROTORCRAFT_FP 0 0 23 0 0 -60006 -68 40 1 0 0 25 1 0 0
31.991 125 DL_VALUE 32 50.
32.005 125 INS 0 0 -28 0 0 51979 61 73 -12
32.019 125 GPS_INT 0 0 0 0 0 0 0 0 0 0 0 0 0 0 0 0
32.031 125 STATE_FILTER_STATUS 3 3
32.033 125 ROTORCRAFT_FP 0 0 30 0 0 -42320 -68 40 1 0 0 25 1 0 0
32.173 125 INS 0 0 -78 0 0 -27475 62 -2 136
32.187 125 ENERGY 11.6 0. 0 0.
32.285 125 GPS_INT 0 0 0 0 0 0 0 0 0 0 0 0 0 0 0 0
32.286 125 DATALINK_REPORT 0 0 609 762 0
32.302 125 ROTORCRAFT_FP 0 0 44 0 0 -31424 -67 40 1 0 0 25 1 0 0
32.316 125 INS 0 0 -14 0 0 76565 61 -3 66
32.317 125 INS_REF 392433159 30036171 500219722 519906340 43767889 45103 0 103010.
32.419 125 ROTORCRAFT_STATUS 0 0 2 0 0 13 0 0 4 5 116 38
32.421 125 GPS_INT 0 0 0 0 0 0 0 0 0 0 0 0 0 0 0 0
32.424 125 ROTORCRAFT_NAV_STATUS 36 0 0. 0. 0 2 0
32.441 125 ROTORCRAFT_FP 0 0 28 0 0 -52417 -67 41 1 0 0 25 1 0 0
32.442 125 INS 0 0 -52 0 0 13384 -19 -4 -15
32.442 125 WP_MOVED_ENU 2 23 1280 256
32.657 125 GPS_INT 0 0 0 0 0 0 0 0 0 0 0 0 0 0 0 0
32.728 125 ROTORCRAFT_FP 0 0 61 0 0 2201 -67 41 1 0 0 25 1 0 0
32.782 125 INS 0 0 -72 0 0 -17759 -18 -3 57
32.798 125 DL_VALUE 33 300.
32.868 125 ALIVE 176,154,94,114,86,170,70,95,114,243,202,226,114,160,1,244
32.870 125 GPS_INT 0 0 0 0 0 0 0 0 0 0 0 0 0 0 0 0
32.949 125 LINK_REPORT 125 0 33 0 20437 454 0 1030. 25. 0 848.75
33.119 125 ROTORCRAFT_FP 0 0 12 0 0 -66920 -67 41 1 0 0 25 1 0 0
33.230 125 INS 0 0 -14 0 0 64072 59 -3 64
33.314 125 GPS_INT 0 0 0 0 0 0 0 0 0 0 0 0 0 0 0 0
33.389 125 WIND_INFO 125 42 0. 0. 0.
33.530 125 ROTORCRAFT_FP 0 0 0 0 0 -76944 -68 41 1 0 0 25 1 0 0
33.555 125 INS 0 0 -4 0 0 69371 -20 -5 -12
33.557 125 GPS_INT 0 0 0 0 0 0 0 0 0 0 0 0 0 0 0 0
33.776 125 ROTORCRAFT_FP 0 0 -9 0 0 -87385 -68 41 1 0 0 25 1 0 0
33.788 125 INS 0 0 23 0 0 106055 -20 -83 -7
33.815 125 ROTORCRAFT_STATUS 0 0 2 0 0 13 0 0 4 5 117 39
33.939 125 GPS_INT 0 0 0 0 0 0 0 0 0 0 0 0 0 0 0 0
33.950 125 LINK_REPORT 125 0 34 0 20964 464 0 527. 10. 0 848.75
33.953 125 ROTORCRAFT_FP 0 0 -3 0 0 -64664 -68 41 1 0 0 25 1 0 0
34.191 125 INS 0 0 -21 0 0 26235 -19 -3 60
34.203 125 WP_MOVED_ENU 3 -535 -1269 256
34.951 125 LINK_REPORT 125 0 35 0 21089 467 0 125. 3. 0 848.75
35.951 125 LINK_REPORT 125 0 36 1 21089 467 0 0. 0. 0 -4152.18
36.952 125 LINK_REPORT 125 0 37 2 21089 467 0 0. 0. 0 -4152.18
37.952 125 LINK_REPORT 125 0 38 3 21089 467 0 0. 0. 0 -4152.18
38.953 125 LINK_REPORT 125 0 39 4 21089 467 0 0. 0. 0 -4152.18
39.954 125 LINK_REPORT 125 0 40 5 21089 467 0 0. 0. 0 -4152.18
40.954 125 LINK_REPORT 125 0 41 6 21089 467 0 0. 0. 0 -9153.17
41.955 125 LINK_REPORT 125 0 42 7 21089 467 0 0. 0. 0 -9153.17
42.956 125 LINK_REPORT 125 0 43 8 21089 467 0 0. 0. 0 -9153.17
43.389 125 WIND_INFO 125 42 0. 0. 0.
43.959 125 LINK_REPORT 125 0 44 9 21089 467 0 0. 0. 0 -9153.17
44.957 125 LINK_REPORT 125 0 45 10 21089 467 0 0. 0. 0 -9153.17
45.961 125 LINK_REPORT 125 0 46 11 21089 467 0 0. 0. 0 -14153.6
46.965 125 LINK_REPORT 125 0 47 12 21089 467 0 0. 0. 0 -14153.6
47.962 125 LINK_REPORT 125 0 48 13 21089 467 0 0. 0. 0 -14153.6
48.968 125 LINK_REPORT 125 0 49 14 21089 467 0 0. 0. 0 -14153.6
49.965 125 LINK_REPORT 125 0 50 15 21089 467 0 0. 0. 0 -14153.6
50.973 125 LINK_REPORT 125 0 51 16 21089 467 0 0. 0. 0 -19154.11
51.970 125 LINK_REPORT 125 0 52 17 21089 467 0 0. 0. 0 -19154.11
52.963 125 LINK_REPORT 125 0 53 18 21089 467 0 0. 0. 0 -19154.11
53.389 125 WIND_INFO 125 42 0. 0. 0.
53.963 125 LINK_REPORT 125 0 54 19 21089 467 0 0. 0. 0 -19154.11
54.964 125 LINK_REPORT 125 0 55 20 21089 467 0 0. 0. 0 -19154.11
55.965 125 LINK_REPORT 125 0 56 21 21089 467 0 0. 0. 0 -24154.47
56.965 125 LINK_REPORT 125 0 57 22 21089 467 0 0. 0. 0 -24154.47
57.966 125 LINK_REPORT 125 0 58 23 21089 467 0 0. 0. 0 -24154.47
58.967 125 LINK_REPORT 125 0 59 24 21089 467 0 0. 0. 0 -24154.47
59.320 125 AUTOPILOT_VERSION 50401 v5.4.1_stable-4-ga603c8e-dirty
59.401 125 ROTORCRAFT_FP 0 0 0 0 0 0 0 0 0 0 0 25 0 0 0
59.406 125 DATALINK_REPORT 0 0 3 48 0
59.458 125 INS 0 0 0 0 0 0 0 0 0
59.514 125 DL_VALUE 0 0.
59.530 125 INS_REF 392433159 30036171 500219722 519906340 43767889 45103 0 103001.
59.551 125 GPS_INT 0 0 0 0 0 0 0 0 0 0 0 0 0 0 0 0
59.750 125 ROTORCRAFT_FP 0 0 0 0 0 0 0 0 0 0 0 25 0 0 0
59.776 125 INS 0 0 0 0 0 0 0 0 0
59.801 125 STATE_FILTER_STATUS 2 0
59.853 125 GPS_INT 0 0 0 0 0 0 0 0 0 0 0 0 0 0 0 0
59.967 125 LINK_REPORT 125 0 60 0 21539 478 0 450. 11. 0 -24154.47
60.116 125 ROTORCRAFT_FP 0 0 0 0 0 0 0 0 0 0 0 25 0 0 0
60.234 125 ALIVE 176,154,94,114,86,170,70,95,114,243,202,226,114,160,1,244
60.251 125 ROTORCRAFT_FP 0 0 0 0 0 0 0 0 0 0 0 25 0 0 0
60.443 125 INS 0 0 0 0 0 0 0 0 0
60.444 125 ROTORCRAFT_NAV_STATUS 0 0 0. 0. 0 2 0
60.445 125 GPS_INT 0 0 0 0 0 0 0 0 0 0 0 0 0 0 0 0
60.447 125 ROTORCRAFT_FP 0 0 0 0 0 0 0 0 0 0 0 25 0 0 0
60.447 125 WP_MOVED_ENU 1 0 0 256
60.448 125 PONG 
60.495 125 INS 0 0 0 0 0 0 0 0 0
60.600 125 ROTORCRAFT_STATUS 0 0 2 0 0 13 0 0 4 5 116 3
60.601 125 GPS_INT 0 0 0 0 0 0 0 0 0 0 0 0 0 0 0 0
60.629 125 DL_VALUE 1 13.
60.686 125 ROTORCRAFT_FP 0 0 0 0 0 0 0 0 0 0 0 25 0 0 0
60.776 125 INS 0 0 0 0 0 0 0 0 0
60.968 125 LINK_REPORT 125 0 61 0 22148 493 0 609. 15. 0 10.03
61.099 125 GPS_INT 0 0 0 0 0 0 0 0 0 0 0 0 0 0 0 0
61.112 125 ROTORCRAFT_FP 0 0 0 0 0 0 0 0 0 0 0 25 0 0 0
61.175 125 INS 0 0 0 0 0 0 0 0 0
61.384 125 GPS_INT 0 0 0 0 0 0 0 0 0 0 0 0 0 0 0 0
61.385 125 ROTORCRAFT_FP 0 0 0 0 0 0 0 0 0 0 0 25 0 0 0
61.386 125 INS 0 0 0 0 0 0 0 0 0
61.387 125 GPS_INT 0 0 0 0 0 0 0 0 0 0 0 0 0 0 0 0
61.468 125 ROTORCRAFT_FP 0 0 0 0 0 0 0 0 0 0 0 25 0 0 0
61.505 125 INS 0 0 0 0 0 0 0 0 0
61.875 125 ROTORCRAFT_FP 0 0 0 0 0 0 0 0 0 0 0 25 0 0 0
61.926 125 WP_MOVED_ENU 2 23 1280 256
61.940 125 ROTORCRAFT_STATUS 0 0 2 0 0 13 0 0 4 5 117 4
61.952 125 DL_VALUE 2 1.
61.969 125 LINK_REPORT 125 0 62 0 22769 506 0 621. 13. 0 10.03
62.042 125 GPS_INT 0 0 0 0 0 0 0 0 0 0 0 0 0 0 0 0
62.043 125 ROTORCRAFT_NAV_STATUS 2 0 0. 0. 0 2 0
62.070 125 ROTORCRAFT_FP 0 0 0 0 0 0 0 0 0 0 0 25 0 0 0
62.271 125 INS 0 0 0 0 0 0 0 0 0
62.284 125 GPS_INT 0 0 0 0 0 0 0 0 0 0 0 0 0 0 0 0
62.361 125 ROTORCRAFT_FP 0 0 0 0 0 0 0 0 0 0 0 25 0 0 0
62.546 125 INS 0 0 0 0 0 0 0 0 0
62.558 125 ALIVE 176,154,94,114,86,170,70,95,114,243,202,226,114,160,1,244
62.585 125 GPS_INT 0 0 0 0 0 0 0 0 0 0 0 0 0 0 0 0
62.669 125 ROTORCRAFT_FP 0 0 0 0 0 0 0 0 0 0 0 25 0 0 0
62.670 125 INS 0 0 0 0 0 0 0 0 0
62.874 125 ENERGY 11.6 0. 0 0.
62.887 125 GPS_INT 0 0 0 0 0 0 0 0 0 0 0 0 0 0 0 0
62.944 125 ROTORCRAFT_FP 0 0 0 0 0 0 0 0 0 0 0 25 0 0 0
62.958 125 INS 0 0 0 0 0 0 0 0 0
62.969 125 LINK_REPORT 125 0 63 0 23505 521 0 736. 15. 0 10.03
63.137 125 DL_VALUE 3 0.
63.152 125 GPS_INT 0 0 0 0 0 0 0 0 0 0 0 0 0 0 0 0
63.177 125 ROTORCRAFT_STATUS 0 0 2 0 0 13 0 0 4 5 117 5
63.190 125 ROTORCRAFT_FP 0 0 0 0 0 0 0 0 0 0 0 25 0 0 0
63.254 125 STATE_FILTER_STATUS 2 0
63.267 125 INS 0 0 0 0 0 0 0 0 0
63.281 125 WP_MOVED_ENU 3 -535 -1269 256
63.283 125 GPS_INT 0 0 0 0 0 0 0 0 0 0 0 0 0 0 0 0
63.389 125 WIND_INFO 125 42 0. 0. 0.
63.399 125 ROTORCRAFT_FP 0 0 0 0 0 0 0 0 0 0 0 25 0 0 0
63.400 125 INS 0 0 0 0 0 0 0 0 0
63.401 125 GPS_INT 0 0 0 0 0 0 0 0 0 0 0 0 0 0 0 0
63.570 125 ROTORCRAFT_FP 0 0 0 0 0 0 0 0 0 0 0 25 0 0 0
63.597 125 ROTORCRAFT_NAV_STATUS 4 0 0. 0. 0 2 0
63.610 125 INS 0 0 0 0 0 0 0 0 0
63.638 125 GPS_INT 0 0 0 0 0 0 0 0 0 0 0 0 0 0 0 0
63.879 125 ROTORCRAFT_FP 0 0 0 0 0 0 0 0 0 0 0 25 0 0 0
63.880 125 INS 0 0 0 0 0 0 0 0 0
63.896 125 GPS_INT 0 0 0 0 0 0 0 0 0 0 0 0 0 0 0 0
63.970 125 LINK_REPORT 125 0 64 0 24322 539 0 817. 18. 0 10.03
63.995 125 DL_VALUE 4 13.
63.997 125 ROTORCRAFT_FP 0 0 0 0 0 0 0 0 0 0 0 25 0 0 0
64.166 125 INS 0 0 0 0 0 0 0 0 0
64.181 125 GPS_INT 0 0 0 0 0 0 0 0 0 0 0 0 0 0 0 0
64.209 125 ROTORCRAFT_STATUS 0 0 2 0 0 13 0 0 4 5 117 6
64.252 125 ROTORCRAFT_FP 0 0 0 0 0 0 0 0 0 0 0 25 0 0 0
64.323 125 INS 0 0 0 0 0 0 0 0 0
64.447 125 WP_MOVED_ENU 4 1379 -2818 256
64.460 125 GPS_INT 0 0 0 0 0 0 0 0 0 0 0 0 0 0 0 0
64.474 125 ALIVE 176,154,94,114,86,170,70,95,114,243,202,226,114,160,1,244
64.502 125 ROTORCRAFT_FP 0 0 0 0 0 0 0 0 0 0 0 25 0 0 0
64.561 125 INS 0 0 0 0 0 0 0 0 0
64.794 125 DATALINK_REPORT 0 0 90 759 0
64.796 125 GPS_INT 0 0 0 0 0 0 0 0 0 0 0 0 0 0 0 0
64.808 125 INS_REF 392433159 30036171 500219722 519906340 43767889 45103 0 103001.
64.838 125 ROTORCRAFT_FP 0 0 0 0 0 0 0 0 0 0 0 25 0 0 0
64.839 125 INS 0 0 0 0 0 0 0 0 0
64.971 125 LINK_REPORT 125 0 65 0 25061 556 0 739. 17. 0 10.03
65.043 125 GPS_INT 0 0 0 0 0 0 0 0 0 0 0 0 0 0 0 0
65.060 125 ROTORCRAFT_FP 0 0 0 0 0 0 0 0 0 0 0 25 0 0 0
65.073 125 INS 0 0 0 0 0 0 0 0 0
65.115 125 DL_VALUE 5 283.
65.116 125 ROTORCRAFT_NAV_STATUS 5 0 0. 0. 0 2 0
65.130 125 ENERGY 11.7 0. 0 0.
65.172 125 GPS_INT 0 0 0 0 0 0 0 0 0 0 0 0 0 0 0 0
65.347 125 ROTORCRAFT_FP 0 0 0 0 0 0 0 0 0 0 0 25 0 0 0
65.373 125 INS 0 0 0 0 0 0 0 0 0
65.417 125 ROTORCRAFT_STATUS 0 0 2 0 0 13 0 0 4 5 116 8
65.418 125 GPS_INT 0 0 0 0 0 0 0 0 0 0 0 0 0 0 0 0
65.475 125 PONG 
65.613 125 INS 0 0 0 0 0 0 0 0 0
65.684 125 GPS_INT 0 0 0 0 0 0 0 0 0 0 0 0 0 0 0 0
65.716 125 WP_MOVED_ENU 5 317 143 256
65.789 125 ROTORCRAFT_FP 0 0 0 0 0 0 0 0 0 0 0 25 0 0 0
65.916 125 INS 0 0 0 0 0 0 0 0 0
65.931 125 GPS_INT 0 0 0 0 0 0 0 0 0 0 0 0 0 0 0 0
65.972 125 LINK_REPORT 125 0 66 0 25831 574 0 770. 18. 0 36.74
66.055 125 ROTORCRAFT_FP 0 0 0 0 0 0 0 0 0 0 0 25 0 0 0
66.246 125 INS 0 0 0 0 0 0 0 0 0
66.263 125 GPS_INT 0 0 0 0 0 0 0 0 0 0 0 0 0 0 0 0
66.276 125 DL_VALUE 6 82.
66.304 125 STATE_FILTER_STATUS 2 0
66.321 125 ROTORCRAFT_FP 0 0 0 0 0 0 0 0 0 0 0 25 0 0 0
66.333 125 INS 0 0 0 0 0 0 0 0 0
66.521 125 GPS_INT 0 0 0 0 0 0 0 0 0 0 0 0 0 0 0 0
66.538 125 ROTORCRAFT_FP 0 0 0 0 0 0 0 0 0 0 0 25 0 0 0
66.580 125 INS 0 0 0 0 0 0 0 0 0
66.707 125 ROTORCRAFT_STATUS 0 0 2 0 0 13 0 0 4 5 117 9
66.826 125 GPS_INT 0 0 0 0 0 0 0 0 0 0 0 0 0 0 0 0
66.853 125 ROTORCRAFT_NAV_STATUS 7 0 0. 0. 0 2 0
66.868 125 ROTORCRAFT_FP 0 0 0 0 0 0 0 0 0 0 0 25 0 0 0
66.881 125 INS 0 0 0 0 0 0 0 0 0
66.939 125 GPS_INT 0 0 0 0 0 0 0 0 0 0 0 0 0 0 0 0
66.972 125 LINK_REPORT 125 0 67 0 26567 590 0 736. 16. 0 36.74
67.079 125 WP_MOVED_ENU 6 -386 -284 256
67.096 125 ROTORCRAFT_FP 0 0 0 0 0 0 0 0 0 0 0 25 0 0 0
67.124 125 INS 0 0 0 0 0 0 0 0 0
67.196 125 GPS_INT 0 0 0 0 0 0 0 0 0 0 0 0 0 0 0 0
67.399 125 ROTORCRAFT_FP 0 0 0 0 0 0 0 0 0 0 0 25 0 0 0
67.417 125 DL_VALUE 7 13.
67.419 125 INS 0 0 0 0 0 0 0 0 0
67.463 125 GPS_INT 0 0 0 0 0 0 0 0 0 0 0 0 0 0 0 0
67.653 125 ROTORCRAFT_FP 0 0 0 0 0 0 0 0 0 0 0 25 0 0 0
67.671 125 INS 0 0 0 0 0 0 0 0 0
67.672 125 ENERGY 11.7 0. 0 0.
67.704 125 GPS_INT 0 0 0 0 0 0 0 0 0 0 0 0 0 0 0 0
67.815 125 ROTORCRAFT_FP 0 0 0 0 0 0 0 0 0 0 0 25 0 0 0
67.973 125 LINK_REPORT 125 0 68 0 27185 603 0 618. 13. 0 36.74
68.001 125 ROTORCRAFT_STATUS 0 0 2 0 0 13 0 0 4 5 117 10
68.014 125 INS 0 0 0 0 0 0 0 0 0
68.029 125 GPS_INT 0 0 0 0 0 0 0 0 0 0 0 0 0 0 0 0
68.050 125 ROTORCRAFT_FP 0 0 0 0 0 0 0 0 0 0 0 25 0 0 0
68.126 125 INS 0 0 0 0 0 0 0 0 0
68.289 125 GPS_INT 0 0 0 0 0 0 0 0 0 0 0 0 0 0 0 0
68.318 125 ROTORCRAFT_FP 0 0 0 0 0 0 0 0 0 0 0 25 0 0 0
68.362 125 WP_MOVED_ENU 7 -773 399 256
68.364 125 ROTORCRAFT_NAV_STATUS 8 0 0. 0. 0 2 0
68.377 125 INS 0 0 0 0 0 0 0 0 0
68.567 125 DL_VALUE 8 0.655
68.569 125 GPS_INT 0 0 0 0 0 0 0 0 0 0 0 0 0 0 0 0
68.582 125 ROTORCRAFT_FP 0 0 0 0 0 0 0 0 0 0 0 25 0 0 0
68.617 125 INS 0 0 0 0 0 0 0 0 0
68.662 125 ALIVE 176,154,94,114,86,170,70,95,114,243,202,226,114,160,1,244
68.875 125 GPS_INT 0 0 0 0 0 0 0 0 0 0 0 0 0 0 0 0
68.891 125 ROTORCRAFT_FP 0 0 0 0 0 0 0 0 0 0 0 25 0 0 0
68.892 125 INS 0 0 0 0 0 0 0 0 0
68.970 125 GPS_INT 0 0 0 0 0 0 0 0 0 0 0 0 0 0 0 0
68.973 125 LINK_REPORT 125 0 69 0 28058 622 0 873. 19. 0 36.74
69.169 125 ROTORCRAFT_STATUS 0 0 2 0 0 13 0 0 4 5 116 11
69.171 125 ROTORCRAFT_FP 0 0 0 0 0 0 0 0 0 0 0 25 0 0 0
69.183 125 INS 0 0 0 0 0 0 0 0 0
69.229 125 GPS_INT 0 0 0 0 0 0 0 0 0 0 0 0 0 0 0 0
69.423 125 ROTORCRAFT_FP 0 0 0 0 0 0 0 0 0 0 0 25 0 0 0
69.424 125 INS 0 0 0 0 0 0 0 0 0
69.476 125 GPS_INT 0 0 0 0 0 0 0 0 0 0 0 0 0 0 0 0
69.478 125 STATE_FILTER_STATUS 2 0
69.579 125 DL_VALUE 9 0.
69.582 125 ROTORCRAFT_FP 0 0 0 0 0 0 0 0 0 0 0 25 0 0 0
69.698 125 INS 0 0 0 0 0 0 0 0 0
69.711 125 WP_MOVED_ENU 8 -87 826 256
69.727 125 GPS_INT 0 0 0 0 0 0 0 0 0 0 0 0 0 0 0 0
69.801 125 DATALINK_REPORT 0 0 176 758 0
69.832 125 ROTORCRAFT_FP 0 0 0 0 0 0 0 0 0 0 0 25 0 0 0
69.889 125 INS 0 0 0 0 0 0 0 0 0
69.890 125 INS_REF 392433159 30036171 500219722 519906340 43767889 45103 0 103001.
69.974 125 LINK_REPORT 125 0 70 0 28783 639 0 725. 17. 0 36.74
70.023 125 ROTORCRAFT_NAV_STATUS 10 0 0. 0. 0 2 0
70.037 125 GPS_INT 0 0 0 0 0 0 0 0 0 0 0 0 0 0 0 0
70.085 125 ROTORCRAFT_FP 0 0 0 0 0 0 0 0 0 0 0 25 0 0 0
70.144 125 INS 0 0 0 0 0 0 0 0 0
70.322 125 ENERGY 11.6 0. 0 0.
70.323 125 GPS_INT 0 0 0 0 0 0 0 0 0 0 0 0 0 0 0 0
70.337 125 ROTORCRAFT_STATUS 0 0 2 0 0 13 0 0 4 5 116 12
70.354 125 ROTORCRAFT_FP 0 0 0 0 0 0 0 0 0 0 0 25 0 0 0
70.399 125 INS 0 0 0 0 0 0 0 0 0
70.713 125 AUTOPILOT_VERSION 50401 v5.4.1_stable-4-ga603c8e-dirty
70.725 125 INS 0 0 0 0 0 0 0 0 0
70.726 125 PONG 
70.728 125 GPS_INT 0 0 0 0 0 0 0 0 0 0 0 0 0 0 0 0
70.741 125 ROTORCRAFT_FP 0 0 0 0 0 0 0 0 0 0 0 25 0 0 0
70.783 125 GPS_INT 0 0 0 0 0 0 0 0 0 0 0 0 0 0 0 0
70.916 125 DL_VALUE 10 -25.
70.929 125 ALIVE 176,154,94,114,86,170,70,95,114,243,202,226,114,160,1,244
70.944 125 ROTORCRAFT_FP 0 0 0 0 0 0 0 0 0 0 0 25 0 0 0
70.975 125 LINK_REPORT 125 0 71 0 29558 657 0 775. 18. 0 286.35
70.987 125 WP_MOVED_ENU 9 824 28 256
71.002 125 GPS_INT 0 0 0 0 0 0 0 0 0 0 0 0 0 0 0 0
71.151 125 ROTORCRAFT_FP 0 0 0 0 0 0 0 0 0 0 0 25 0 0 0
71.152 125 INS 0 0 0 0 0 0 0 0 0
71.252 125 GPS_INT 0 0 0 0 0 0 0 0 0 0 0 0 0 0 0 0
71.371 125 ROTORCRAFT_FP 0 0 0 0 0 0 0 0 0 0 0 25 0 0 0
71.505 125 INS 0 0 0 0 0 0 0 0 0
71.505 125 ROTORCRAFT_STATUS 0 0 2 0 0 13 0 0 4 5 116 14
71.519 125 GPS_INT 0 0 0 0 0 0 0 0 0 0 0 0 0 0 0 0
71.599 125 ROTORCRAFT_NAV_STATUS 12 0 0. 0. 0 2 0
71.612 125 ROTORCRAFT_FP 0 0 0 0 0 0 0 0 0 0 0 25 0 0 0
71.860 125 GPS_INT 0 0 0 0 0 0 0 0 0 0 0 0 0 0 0 0
71.918 125 DL_VALUE 11 1.
71.933 125 ROTORCRAFT_FP 0 0 0 0 0 0 0 0 0 0 0 25 0 0 0
71.950 125 INS 0 0 0 0 0 0 0 0 0
71.976 125 LINK_REPORT 125 0 72 0 30262 672 0 704. 15. 0 286.35
72.070 125 GPS_INT 0 0 0 0 0 0 0 0 0 0 0 0 0 0 0 0
72.976 125 LINK_REPORT 125 0 73 0 30324 673 0 62. 1. 0 286.35
73.389 125 WIND_INFO 125 42 0. 0. 0.
73.978 125 LINK_REPORT 125 0 74 1 30324 673 0 0. 0. 0 286.35
74.978 125 LINK_REPORT 125 0 75 2 30324 673 0 0. 0. 0 286.35
75.979 125 LINK_REPORT 125 0 76 3 30324 673 0 0. 0. 0 -4714.11
76.980 125 LINK_REPORT 125 0 77 4 30324 673 0 0. 0. 0 -4714.11
77.980 125 LINK_REPORT 125 0 78 5 30324 673 0 0. 0. 0 -4714.11
78.981 125 LINK_REPORT 125 0 79 6 30324 673 0 0. 0. 0 -4714.11
79.982 125 LINK_REPORT 125 0 80 7 30324 673 0 0. 0. 0 -4714.11
80.983 125 LINK_REPORT 125 0 81 8 30324 673 0 0. 0. 0 -9714.45
81.983 125 LINK_REPORT 125 0 82 9 30324 673 0 0. 0. 0 -9714.45
82.984 125 LINK_REPORT 125 0 83 10 30324 673 0 0. 0. 0 -9714.45
83.389 125 WIND_INFO 125 42 0. 0. 0.
83.985 125 LINK_REPORT 125 0 84 11 30324 673 0 0. 0. 0 -9714.45
84.985 125 LINK_REPORT 125 0 85 12 30324 673 0 0. 0. 0 -9714.45
85.986 125 LINK_REPORT 125 0 86 13 30324 673 0 0. 0. 0 -14715.
86.987 125 LINK_REPORT 125 0 87 14 30324 673 0 0. 0. 0 -14715.
87.987 125 LINK_REPORT 125 0 88 15 30324 673 0 0. 0. 0 -14715.
88.988 125 LINK_REPORT 125 0 89 16 30324 673 0 0. 0. 0 -14715.
89.989 125 LINK_REPORT 125 0 90 17 30324 673 0 0. 0. 0 -14715.
90.989 125 LINK_REPORT 125 0 91 18 30324 673 0 0. 0. 0 -19715.26
91.990 125 LINK_REPORT 125 0 92 19 30324 673 0 0. 0. 0 -19715.26
92.991 125 LINK_REPORT 125 0 93 20 30324 673 0 0. 0. 0 -19715.26
93.389 125 WIND_INFO 125 42 0. 0. 0.
93.992 125 LINK_REPORT 125 0 94 21 30324 673 0 0. 0. 0 -19715.26
94.993 125 LINK_REPORT 125 0 95 22 30324 673 0 0. 0. 0 -19715.26
95.993 125 LINK_REPORT 125 0 96 23 30324 673 0 0. 0. 0 -24715.51
96.995 125 LINK_REPORT 125 0 97 24 30324 673 0 0. 0. 0 -24715.51
97.995 125 LINK_REPORT 125 0 98 25 30324 673 0 0. 0. 0 -24715.51
98.996 125 LINK_REPORT 125 0 99 26 30324 673 0 0. 0. 0 -24715.51
99.997 125 LINK_REPORT 125 0 100 27 30324 673 0 0. 0. 0 -24715.51
100.997 125 LINK_REPORT 125 0 101 28 30324 673 0 0. 0. 0 -29716.29
101.998 125 LINK_REPORT 125 0 102 29 30324 673 0 0. 0. 0 -29716.29
102.999 125 LINK_REPORT 125 0 103 30 30324 673 0 0. 0. 0 -29716.29
103.389 125 WIND_INFO 125 42 0. 0. 0.
104.000 125 LINK_REPORT 125 0 104 31 30324 673 0 0. 0. 0 -29716.29
105.001 125 LINK_REPORT 125 0 105 32 30324 673 0 0. 0. 0 -29716.29
106.001 125 LINK_REPORT 125 0 106 33 30324 673 0 0. 0. 0 -34717.38
107.002 125 LINK_REPORT 125 0 107 34 30324 673 0 0. 0. 0 -34717.38
108.003 125 LINK_REPORT 125 0 108 35 30324 673 0 0. 0. 0 -34717.38
109.003 125 LINK_REPORT 125 0 109 36 30324 673 0 0. 0. 0 -34717.38
110.003 125 LINK_REPORT 125 0 110 37 30324 673 0 0. 0. 0 -34717.38
111.004 125 LINK_REPORT 125 0 111 38 30324 673 0 0. 0. 0 -39718.17
112.005 125 LINK_REPORT 125 0 112 39 30324 673 0 0. 0. 0 -39718.17
113.005 125 LINK_REPORT 125 0 113 40 30324 673 0 0. 0. 0 -39718.17
113.389 125 WIND_INFO 125 42 0. 0. 0.
114.006 125 LINK_REPORT 125 0 114 41 30324 673 0 0. 0. 0 -39718.17
115.006 125 LINK_REPORT 125 0 115 42 30324 673 0 0. 0. 0 -39718.17
116.007 125 LINK_REPORT 125 0 116 43 30324 673 0 0. 0. 0 -44718.78
117.007 125 LINK_REPORT 125 0 117 44 30324 673 0 0. 0. 0 -44718.78
118.008 125 LINK_REPORT 125 0 118 45 30324 673 0 0. 0. 0 -44718.78
119.009 125 LINK_REPORT 125 0 119 46 30324 673 0 0. 0. 0 -44718.78
120.010 125 LINK_REPORT 125 0 120 47 30324 673 0 0. 0. 0 -44718.78
121.010 125 LINK_REPORT 125 0 121 48 30324 673 0 0. 0. 0 -49719.5
122.011 125 LINK_REPORT 125 0 122 49 30324 673 0 0. 0. 0 -49719.5
123.012 125 LINK_REPORT 125 0 123 50 30324 673 0 0. 0. 0 -49719.5
123.389 125 WIND_INFO 125 42 0. 0. 0.
124.013 125 LINK_REPORT 125 0 124 51 30324 673 0 0. 0. 0 -49719.5
125.014 125 LINK_REPORT 125 0 125 52 30324 673 0 0. 0. 0 -49719.5
126.015 125 LINK_REPORT 125 0 126 53 30324 673 0 0. 0. 0 -54720.41
127.015 125 LINK_REPORT 125 0 127 54 30324 673 0 0. 0. 0 -54720.41
128.016 125 LINK_REPORT 125 0 128 55 30324 673 0 0. 0. 0 -54720.41
129.017 125 LINK_REPORT 125 0 129 56 30324 673 0 0. 0. 0 -54720.41
130.017 125 LINK_REPORT 125 0 130 57 30324 673 0 0. 0. 0 -54720.41
131.018 125 LINK_REPORT 125 0 131 58 30324 673 0 0. 0. 0 -59721.06
132.018 125 LINK_REPORT 125 0 132 59 30324 673 0 0. 0. 0 -59721.06
133.019 125 LINK_REPORT 125 0 133 60 30324 673 0 0. 0. 0 -59721.06
133.390 125 WIND_INFO 125 42 0. 0. 0.
134.020 125 LINK_REPORT 125 0 134 61 30324 673 0 0. 0. 0 -59721.06
135.021 125 LINK_REPORT 125 0 135 62 30324 673 0 0. 0. 0 -59721.06
136.021 125 LINK_REPORT 125 0 136 63 30324 673 0 0. 0. 0 -64721.54
137.022 125 LINK_REPORT 125 0 137 64 30324 673 0 0. 0. 0 -64721.54
138.023 125 LINK_REPORT 125 0 138 65 30324 673 0 0. 0. 0 -64721.54
139.024 125 LINK_REPORT 125 0 139 66 30324 673 0 0. 0. 0 -64721.54
140.024 125 LINK_REPORT 125 0 140 67 30324 673 0 0. 0. 0 -64721.54
141.025 125 LINK_REPORT 125 0 141 68 30324 673 0 0. 0. 0 -69722.03
142.025 125 LINK_REPORT 125 0 142 69 30324 673 0 0. 0. 0 -69722.03
143.026 125 LINK_REPORT 125 0 143 70 30324 673 0 0. 0. 0 -69722.03
143.390 125 WIND_INFO 125 42 0. 0. 0.
144.026 125 LINK_REPORT 125 0 144 71 30324 673 0 0. 0. 0 -69722.03
145.027 125 LINK_REPORT 125 0 145 72 30324 673 0 0. 0. 0 -69722.03
146.028 125 LINK_REPORT 125 0 146 73 30324 673 0 0. 0. 0 -74722.36
147.029 125 LINK_REPORT 125 0 147 74 30324 673 0 0. 0. 0 -74722.36
148.030 125 LINK_REPORT 125 0 148 75 30324 673 0 0. 0. 0 -74722.36
149.030 125 LINK_REPORT 125 0 149 76 30324 673 0 0. 0. 0 -74722.36
150.031 125 LINK_REPORT 125 0 150 77 30324 673 0 0. 0. 0 -74722.36
151.032 125 LINK_REPORT 125 0 151 78 30324 673 0 0. 0. 0 -79722.99
152.033 125 LINK_REPORT 125 0 152 79 30324 673 0 0. 0. 0 -79722.99
153.033 125 LINK_REPORT 125 0 153 80 30324 673 0 0. 0. 0 -79722.99
153.390 125 WIND_INFO 125 42 0. 0. 0.
154.034 125 LINK_REPORT 125 0 154 81 30324 673 0 0. 0. 0 -79722.99
155.035 125 LINK_REPORT 125 0 155 82 30324 673 0 0. 0. 0 -79722.99
156.036 125 LINK_REPORT 125 0 156 83 30324 673 0 0. 0. 0 -84723.7
157.037 125 LINK_REPORT 125 0 157 84 30324 673 0 0. 0. 0 -84723.7
158.037 125 LINK_REPORT 125 0 158 85 30324 673 0 0. 0. 0 -84723.7
159.038 125 LINK_REPORT 125 0 159 86 30324 673 0 0. 0. 0 -84723.7
160.039 125 LINK_REPORT 125 0 160 87 30324 673 0 0. 0. 0 -84723.7
161.039 125 LINK_REPORT 125 0 161 88 30324 673 0 0. 0. 0 -89724.58
162.040 125 LINK_REPORT 125 0 162 89 30324 673 0 0. 0. 0 -89724.58
163.041 125 LINK_REPORT 125 0 163 90 30324 673 0 0. 0. 0 -89724.58
163.390 125 WIND_INFO 125 42 0. 0. 0.
164.041 125 LINK_REPORT 125 0 164 91 30324 673 0 0. 0. 0 -89724.58
165.042 125 LINK_REPORT 125 0 165 92 30324 673 0 0. 0. 0 -89724.58
166.043 125 LINK_REPORT 125 0 166 93 30324 673 0 0. 0. 0 -94725.67
167.044 125 LINK_REPORT 125 0 167 94 30324 673 0 0. 0. 0 -94725.67
168.044 125 LINK_REPORT 125 0 168 95 30324 673 0 0. 0. 0 -94725.67
169.045 125 LINK_REPORT 125 0 169 96 30324 673 0 0. 0. 0 -94725.67
170.046 125 LINK_REPORT 125 0 170 97 30324 673 0 0. 0. 0 -94725.67
171.047 125 LINK_REPORT 125 0 171 98 30324 673 0 0. 0. 0 -99725.82
172.048 125 LINK_REPORT 125 0 172 99 30324 673 0 0. 0. 0 -99725.82
173.048 125 LINK_REPORT 125 0 173 100 30324 673 0 0. 0. 0 -99725.82
173.390 125 WIND_INFO 125 42 0. 0. 0.
174.050 125 LINK_REPORT 125 0 174 101 30324 673 0 0. 0. 0 -99725.82
175.050 125 LINK_REPORT 125 0 175 102 30324 673 0 0. 0. 0 -99725.82
176.051 125 LINK_REPORT 125 0 176 103 30324 673 0 0. 0. 0 -104725.97
177.052 125 LINK_REPORT 125 0 177 104 30324 673 0 0. 0. 0 -104725.97
178.053 125 LINK_REPORT 125 0 178 105 30324 673 0 0. 0. 0 -104725.97
179.054 125 LINK_REPORT 125 0 179 106 30324 673 0 0. 0. 0 -104725.97
180.054 125 LINK_REPORT 125 0 180 107 30324 673 0 0. 0. 0 -104725.97
181.055 125 LINK_REPORT 125 0 181 108 30324 673 0 0. 0. 0 -109726.15
182.056 125 LINK_REPORT 125 0 182 109 30324 673 0 0. 0. 0 -109726.15
183.057 125 LINK_REPORT 125 0 183 110 30324 673 0 0. 0. 0 -109726.15
183.390 125 WIND_INFO 125 42 0. 0. 0.
184.058 125 LINK_REPORT 125 0 184 111 30324 673 0 0. 0. 0 -109726.15
185.058 125 LINK_REPORT 125 0 185 112 30324 673 0 0. 0. 0 -109726.15
186.059 125 LINK_REPORT 125 0 186 113 30324 673 0 0. 0. 0 -114727.09
187.060 125 LINK_REPORT 125 0 187 114 30324 673 0 0. 0. 0 -114727.09
188.061 125 LINK_REPORT 125 0 188 115 30324 673 0 0. 0. 0 -114727.09
189.061 125 LINK_REPORT 125 0 189 116 30324 673 0 0. 0. 0 -114727.09
190.062 125 LINK_REPORT 125 0 190 117 30324 673 0 0. 0. 0 -114727.09
191.063 125 LINK_REPORT 125 0 191 118 30324 673 0 0. 0. 0 -119727.39
192.063 125 LINK_REPORT 125 0 192 119 30324 673 0 0. 0. 0 -119727.39
193.064 125 LINK_REPORT 125 0 193 120 30324 673 0 0. 0. 0 -119727.39
193.390 125 WIND_INFO 125 42 0. 0. 0.
194.064 125 LINK_REPORT 125 0 194 121 30324 673 0 0. 0. 0 -119727.39
195.065 125 LINK_REPORT 125 0 195 122 30324 673 0 0. 0. 0 -119727.39
196.065 125 LINK_REPORT 125 0 196 123 30324 673 0 0. 0. 0 -124728.32
197.066 125 LINK_REPORT 125 0 197 124 30324 673 0 0. 0. 0 -124728.32
198.066 125 LINK_REPORT 125 0 198 125 30324 673 0 0. 0. 0 -124728.32
199.067 125 LINK_REPORT 125 0 199 126 30324 673 0 0. 0. 0 -124728.32
200.067 125 LINK_REPORT 125 0 200 127 30324 673 0 0. 0. 0 -124728.32
201.068 125 LINK_REPORT 125 0 201 128 30324 673 0 0. 0. 0 -129728.77
202.069 125 LINK_REPORT 125 0 202 129 30324 673 0 0. 0. 0 -129728.77
203.069 125 LINK_REPORT 125 0 203 130 30324 673 0 0. 0. 0 -129728.77
203.390 125 WIND_INFO 125 42 0. 0. 0.
204.070 125 LINK_REPORT 125 0 204 131 30324 673 0 0. 0. 0 -129728.77
205.071 125 LINK_REPORT 125 0 205 132 30324 673 0 0. 0. 0 -129728.77
206.072 125 LINK_REPORT 125 0 206 133 30324 673 0 0. 0. 0 -134729.25
207.072 125 LINK_REPORT 125 0 207 134 30324 673 0 0. 0. 0 -134729.25
208.073 125 LINK_REPORT 125 0 208 135 30324 673 0 0. 0. 0 -134729.25
209.073 125 LINK_REPORT 125 0 209 136 30324 673 0 0. 0. 0 -134729.25
210.075 125 LINK_REPORT 125 0 210 137 30324 673 0 0. 0. 0 -134729.25
211.075 125 LINK_REPORT 125 0 211 138 30324 673 0 0. 0. 0 -139729.65
212.076 125 LINK_REPORT 125 0 212 139 30324 673 0 0. 0. 0 -139729.65
213.076 125 LINK_REPORT 125 0 213 140 30324 673 0 0. 0. 0 -139729.65
213.390 125 WIND_INFO 125 42 0. 0. 0.
214.077 125 LINK_REPORT 125 0 214 141 30324 673 0 0. 0. 0 -139729.65
215.078 125 LINK_REPORT 125 0 215 142 30324 673 0 0. 0. 0 -139729.65
216.079 125 LINK_REPORT 125 0 216 143 30324 673 0 0. 0. 0 -144730.7
217.079 125 LINK_REPORT 125 0 217 144 30324 673 0 0. 0. 0 -144730.7
218.080 125 LINK_REPORT 125 0 218 145 30324 673 0 0. 0. 0 -144730.7
219.081 125 LINK_REPORT 125 0 219 146 30324 673 0 0. 0. 0 -144730.7
220.081 125 LINK_REPORT 125 0 220 147 30324 673 0 0. 0. 0 -144730.7
221.082 125 LINK_REPORT 125 0 221 148 30324 673 0 0. 0. 0 -149731.11
222.083 125 LINK_REPORT 125 0 222 149 30324 673 0 0. 0. 0 -149731.11
223.083 125 LINK_REPORT 125 0 223 150 30324 673 0 0. 0. 0 -149731.11
223.390 125 WIND_INFO 125 42 0. 0. 0.
224.085 125 LINK_REPORT 125 0 224 151 30324 673 0 0. 0. 0 -149731.11
225.085 125 LINK_REPORT 125 0 225 152 30324 673 0 0. 0. 0 -149731.11
226.086 125 LINK_REPORT 125 0 226 153 30324 673 0 0. 0. 0 -154731.79
227.086 125 LINK_REPORT 125 0 227 154 30324 673 0 0. 0. 0 -154731.79
228.087 125 LINK_REPORT 125 0 228 155 30324 673 0 0. 0. 0 -154731.79
229.087 125 LINK_REPORT 125 0 229 156 30324 673 0 0. 0. 0 -154731.79
230.088 125 LINK_REPORT 125 0 230 157 30324 673 0 0. 0. 0 -154731.79
231.088 125 LINK_REPORT 125 0 231 158 30324 673 0 0. 0. 0 -159732.26
232.089 125 LINK_REPORT 125 0 232 159 30324 673 0 0. 0. 0 -159732.26
233.090 125 LINK_REPORT 125 0 233 160 30324 673 0 0. 0. 0 -159732.26
233.390 125 WIND_INFO 125 42 0. 0. 0.
234.091 125 LINK_REPORT 125 0 234 161 30324 673 0 0. 0. 0 -159732.26
235.092 125 LINK_REPORT 125 0 235 162 30324 673 0 0. 0. 0 -159732.26
236.093 125 LINK_REPORT 125 0 236 163 30324 673 0 0. 0. 0 -164733.29
237.093 125 LINK_REPORT 125 0 237 164 30324 673 0 0. 0. 0 -164733.29
238.093 125 LINK_REPORT 125 0 238 165 30324 673 0 0. 0. 0 -164733.29
239.094 125 LINK_REPORT 125 0 239 166 30324 673 0 0. 0. 0 -164733.29
240.095 125 LINK_REPORT 125 0 240 167 30324 673 0 0. 0. 0 -164733.29
241.095 125 LINK_REPORT 125 0 241 168 30324 673 0 0. 0. 0 -169734.12
242.096 125 LINK_REPORT 125 0 242 169 30324 673 0 0. 0. 0 -169734.12
243.097 125 LINK_REPORT 125 0 243 170 30324 673 0 0. 0. 0 -169734.12
243.390 125 WIND_INFO 125 42 0. 0. 0.
244.097 125 LINK_REPORT 125 0 244 171 30324 673 0 0. 0. 0 -169734.12
245.097 125 LINK_REPORT 125 0 245 172 30324 673 0 0. 0. 0 -169734.12
246.097 125 LINK_REPORT 125 0 246 173 30324 673 0 0. 0. 0 -174734.72
247.098 125 LINK_REPORT 125 0 247 174 30324 673 0 0. 0. 0 -174734.72
248.098 125 LINK_REPORT 125 0 248 175 30324 673 0 0. 0. 0 -174734.72
249.099 125 LINK_REPORT 125 0 249 176 30324 673 0 0. 0. 0 -174734.72
250.099 125 LINK_REPORT 125 0 250 177 30324 673 0 0. 0. 0 -174734.72
251.100 125 LINK_REPORT 125 0 251 178 30324 673 0 0. 0. 0 -179735.75
252.100 125 LINK_REPORT 125 0 252 179 30324 673 0 0. 0. 0 -179735.75
253.101 125 LINK_REPORT 125 0 253 180 30324 673 0 0. 0. 0 -179735.75
253.390 125 WIND_INFO 125 42 0. 0. 0.
254.101 125 LINK_REPORT 125 0 254 181 30324 673 0 0. 0. 0 -179735.75
255.102 125 LINK_REPORT 125 0 255 182 30324 673 0 0. 0. 0 -179735.75
256.103 125 LINK_REPORT 125 0 256 183 30324 673 0 0. 0. 0 -184736.55
257.103 125 LINK_REPORT 125 0 257 184 30324 673 0 0. 0. 0 -184736.55
258.104 125 LINK_REPORT 125 0 258 185 30324 673 0 0. 0. 0 -184736.55
259.105 125 LINK_REPORT 125 0 259 186 30324 673 0 0. 0. 0 -184736.55
260.105 125 LINK_REPORT 125 0 260 187 30324 673 0 0. 0. 0 -184736.55
261.106 125 LINK_REPORT 125 0 261 188 30324 673 0 0. 0. 0 -189737.57
262.106 125 LINK_REPORT 125 0 262 189 30324 673 0 0. 0. 0 -189737.57
263.107 125 LINK_REPORT 125 0 263 190 30324 673 0 0. 0. 0 -189737.57
263.390 125 WIND_INFO 125 42 0. 0. 0.
264.107 125 LINK_REPORT 125 0 264 191 30324 673 0 0. 0. 0 -189737.57
265.108 125 LINK_REPORT 125 0 265 192 30324 673 0 0. 0. 0 -189737.57
266.108 125 LINK_REPORT 125 0 266 193 30324 673 0 0. 0. 0 -194738.34
267.109 125 LINK_REPORT 125 0 267 194 30324 673 0 0. 0. 0 -194738.34
268.109 125 LINK_REPORT 125 0 268 195 30324 673 0 0. 0. 0 -194738.34
269.109 125 LINK_REPORT 125 0 269 196 30324 673 0 0. 0. 0 -194738.34
270.110 125 LINK_REPORT 125 0 270 197 30324 673 0 0. 0. 0 -194738.34
271.111 125 LINK_REPORT 125 0 271 198 30324 673 0 0. 0. 0 -199738.69
272.111 125 LINK_REPORT 125 0 272 199 30324 673 0 0. 0. 0 -199738.69
273.111 125 LINK_REPORT 125 0 273 200 30324 673 0 0. 0. 0 -199738.69
273.391 125 WIND_INFO 125 42 0. 0. 0.
274.111 125 LINK_REPORT 125 0 274 201 30324 673 0 0. 0. 0 -199738.69
275.112 125 LINK_REPORT 125 0 275 202 30324 673 0 0. 0. 0 -199738.69
276.113 125 LINK_REPORT 125 0 276 203 30324 673 0 0. 0. 0 -204739.66
277.113 125 LINK_REPORT 125 0 277 204 30324 673 0 0. 0. 0 -204739.66
278.114 125 LINK_REPORT 125 0 278 205 30324 673 0 0. 0. 0 -204739.66
279.115 125 LINK_REPORT 125 0 279 206 30324 673 0 0. 0. 0 -204739.66
280.115 125 LINK_REPORT 125 0 280 207 30324 673 0 0. 0. 0 -204739.66
281.116 125 LINK_REPORT 125 0 281 208 30324 673 0 0. 0. 0 -209740.65
282.117 125 LINK_REPORT 125 0 282 209 30324 673 0 0. 0. 0 -209740.65
283.117 125 LINK_REPORT 125 0 283 210 30324 673 0 0. 0. 0 -209740.65
283.391 125 WIND_INFO 125 42 0. 0. 0.
284.117 125 LINK_REPORT 125 0 284 211 30324 673 0 0. 0. 0 -209740.65
285.118 125 LINK_REPORT 125 0 285 212 30324 673 0 0. 0. 0 -209740.65
286.119 125 LINK_REPORT 125 0 286 213 30324 673 0 0. 0. 0 -214741.7
287.119 125 LINK_REPORT 125 0 287 214 30324 673 0 0. 0. 0 -214741.7
288.119 125 LINK_REPORT 125 0 288 215 30324 673 0 0. 0. 0 -214741.7
289.120 125 LINK_REPORT 125 0 289 216 30324 673 0 0. 0. 0 -214741.7
290.121 125 LINK_REPORT 125 0 290 217 30324 673 0 0. 0. 0 -214741.7
291.122 125 LINK_REPORT 125 0 291 218 30324 673 0 0. 0. 0 -219742.61
292.122 125 LINK_REPORT 125 0 292 219 30324 673 0 0. 0. 0 -219742.61
293.123 125 LINK_REPORT 125 0 293 220 30324 673 0 0. 0. 0 -219742.61
293.391 125 WIND_INFO 125 42 0. 0. 0.
294.124 125 LINK_REPORT 125 0 294 221 30324 673 0 0. 0. 0 -219742.61
295.124 125 LINK_REPORT 125 0 295 222 30324 673 0 0. 0. 0 -219742.61
296.125 125 LINK_REPORT 125 0 296 223 30324 673 0 0. 0. 0 -224742.77
297.126 125 LINK_REPORT 125 0 297 224 30324 673 0 0. 0. 0 -224742.77
298.126 125 LINK_REPORT 125 0 298 225 30324 673 0 0. 0. 0 -224742.77
299.127 125 LINK_REPORT 125 0 299 226 30324 673 0 0. 0. 0 -224742.77
300.127 125 LINK_REPORT 125 0 300 227 30324 673 0 0. 0. 0 -224742.77
301.128 125 LINK_REPORT 125 0 301 228 30324 673 0 0. 0. 0 -229743.06
302.129 125 LINK_REPORT 125 0 302 229 30324 673 0 0. 0. 0 -229743.06
303.129 125 LINK_REPORT 125 0 303 230 30324 673 0 0. 0. 0 -229743.06
303.395 125 WIND_INFO 125 42 0. 0. 0.
304.130 125 LINK_REPORT 125 0 304 231 30324 673 0 0. 0. 0 -229743.06
305.131 125 LINK_REPORT 125 0 305 232 30324 673 0 0. 0. 0 -229743.06
306.132 125 LINK_REPORT 125 0 306 233 30324 673 0 0. 0. 0 -234743.76
307.133 125 LINK_REPORT 125 0 307 234 30324 673 0 0. 0. 0 -234743.76
308.133 125 LINK_REPORT 125 0 308 235 30324 673 0 0. 0. 0 -234743.76
309.134 125 LINK_REPORT 125 0 309 236 30324 673 0 0. 0. 0 -234743.76
310.134 125 LINK_REPORT 125 0 310 237 30324 673 0 0. 0. 0 -234743.76
311.135 125 LINK_REPORT 125 0 311 238 30324 673 0 0. 0. 0 -239744.76
312.136 125 LINK_REPORT 125 0 312 239 30324 673 0 0. 0. 0 -239744.76
313.136 125 LINK_REPORT 125 0 313 240 30324 673 0 0. 0. 0 -239744.76
313.400 125 WIND_INFO 125 42 0. 0. 0.
314.137 125 LINK_REPORT 125 0 314 241 30324 673 0 0. 0. 0 -239744.76
315.138 125 LINK_REPORT 125 0 315 242 30324 673 0 0. 0. 0 -239744.76
316.139 125 LINK_REPORT 125 0 316 243 30324 673 0 0. 0. 0 -244745.55
317.140 125 LINK_REPORT 125 0 317 244 30324 673 0 0. 0. 0 -244745.55
318.140 125 LINK_REPORT 125 0 318 245 30324 673 0 0. 0. 0 -244745.55
319.141 125 LINK_REPORT 125 0 319 246 30324 673 0 0. 0. 0 -244745.55
320.141 125 LINK_REPORT 125 0 320 247 30324 673 0 0. 0. 0 -244745.55
321.142 125 LINK_REPORT 125 0 321 248 30324 673 0 0. 0. 0 -249746.43
322.143 125 LINK_REPORT 125 0 322 249 30324 673 0 0. 0. 0 -249746.43
323.143 125 LINK_REPORT 125 0 323 250 30324 673 0 0. 0. 0 -249746.43
323.396 125 WIND_INFO 125 42 0. 0. 0.
324.143 125 LINK_REPORT 125 0 324 251 30324 673 0 0. 0. 0 -249746.43
325.144 125 LINK_REPORT 125 0 325 252 30324 673 0 0. 0. 0 -249746.43
326.144 125 LINK_REPORT 125 0 326 253 30324 673 0 0. 0. 0 -254747.03
327.145 125 LINK_REPORT 125 0 327 254 30324 673 0 0. 0. 0 -254747.03
328.146 125 LINK_REPORT 125 0 328 255 30324 673 0 0. 0. 0 -254747.03
329.147 125 LINK_REPORT 125 0 329 256 30324 673 0 0. 0. 0 -254747.03
330.147 125 LINK_REPORT 125 0 330 257 30324 673 0 0. 0. 0 -254747.03
331.148 125 LINK_REPORT 125 0 331 258 30324 673 0 0. 0. 0 -259747.61
332.149 125 LINK_REPORT 125 0 332 259 30324 673 0 0. 0. 0 -259747.61
333.149 125 LINK_REPORT 125 0 333 260 30324 673 0 0. 0. 0 -259747.61
333.396 125 WIND_INFO 125 42 0. 0. 0.
334.150 125 LINK_REPORT 125 0 334 261 30324 673 0 0. 0. 0 -259747.61
335.150 125 LINK_REPORT 125 0 335 262 30324 673 0 0. 0. 0 -259747.61
336.150 125 LINK_REPORT 125 0 336 263 30324 673 0 0. 0. 0 -264748.47
337.151 125 LINK_REPORT 125 0 337 264 30324 673 0 0. 0. 0 -264748.47
338.152 125 LINK_REPORT 125 0 338 265 30324 673 0 0. 0. 0 -264748.47
339.152 125 LINK_REPORT 125 0 339 266 30324 673 0 0. 0. 0 -264748.47
340.153 125 LINK_REPORT 125 0 340 267 30324 673 0 0. 0. 0 -264748.47
341.154 125 LINK_REPORT 125 0 341 268 30324 673 0 0. 0. 0 -269749.31
342.154 125 LINK_REPORT 125 0 342 269 30324 673 0 0. 0. 0 -269749.31
343.155 125 LINK_REPORT 125 0 343 270 30324 673 0 0. 0. 0 -269749.31
343.396 125 WIND_INFO 125 42 0. 0. 0.
344.156 125 LINK_REPORT 125 0 344 271 30324 673 0 0. 0. 0 -269749.31
345.156 125 LINK_REPORT 125 0 345 272 30324 673 0 0. 0. 0 -269749.31
346.157 125 LINK_REPORT 125 0 346 273 30324 673 0 0. 0. 0 -274749.89
347.158 125 LINK_REPORT 125 0 347 274 30324 673 0 0. 0. 0 -274749.89
348.158 125 LINK_REPORT 125 0 348 275 30324 673 0 0. 0. 0 -274749.89
349.159 125 LINK_REPORT 125 0 349 276 30324 673 0 0. 0. 0 -274749.89
350.160 125 LINK_REPORT 125 0 350 277 30324 673 0 0. 0. 0 -274749.89
351.160 125 LINK_REPORT 125 0 351 278 30324 673 0 0. 0. 0 -279751.11
352.160 125 LINK_REPORT 125 0 352 279 30324 673 0 0. 0. 0 -279751.11
353.161 125 LINK_REPORT 125 0 353 280 30324 673 0 0. 0. 0 -279751.11
353.396 125 WIND_INFO 125 42 0. 0. 0.
354.162 125 LINK_REPORT 125 0 354 281 30324 673 0 0. 0. 0 -279751.11
355.162 125 LINK_REPORT 125 0 355 282 30324 673 0 0. 0. 0 -279751.11
356.163 125 LINK_REPORT 125 0 356 283 30324 673 0 0. 0. 0 -284751.9
357.164 125 LINK_REPORT 125 0 357 284 30324 673 0 0. 0. 0 -284751.9
358.164 125 LINK_REPORT 125 0 358 285 30324 673 0 0. 0. 0 -284751.9
359.165 125 LINK_REPORT 125 0 359 286 30324 673 0 0. 0. 0 -284751.9
360.165 125 LINK_REPORT 125 0 360 287 30324 673 0 0. 0. 0 -284751.9
361.166 125 LINK_REPORT 125 0 361 288 30324 673 0 0. 0. 0 -289752.93
362.167 125 LINK_REPORT 125 0 362 289 30324 673 0 0. 0. 0 -289752.93
363.167 125 LINK_REPORT 125 0 363 290 30324 673 0 0. 0. 0 -289752.93
363.396 125 WIND_INFO 125 42 0. 0. 0.
364.168 125 LINK_REPORT 125 0 364 291 30324 673 0 0. 0. 0 -289752.93
365.169 125 LINK_REPORT 125 0 365 292 30324 673 0 0. 0. 0 -289752.93
366.170 125 LINK_REPORT 125 0 366 293 30324 673 0 0. 0. 0 -294753.67
367.171 125 LINK_REPORT 125 0 367 294 30324 673 0 0. 0. 0 -294753.67
368.171 125 LINK_REPORT 125 0 368 295 30324 673 0 0. 0. 0 -294753.67
369.171 125 LINK_REPORT 125 0 369 296 30324 673 0 0. 0. 0 -294753.67
370.171 125 LINK_REPORT 125 0 370 297 30324 673 0 0. 0. 0 -294753.67
371.171 125 LINK_REPORT 125 0 371 298 30324 673 0 0. 0. 0 -299754.72
372.172 125 LINK_REPORT 125 0 372 299 30324 673 0 0. 0. 0 -299754.72
373.173 125 LINK_REPORT 125 0 373 300 30324 673 0 0. 0. 0 -299754.72
373.396 125 WIND_INFO 125 42 0. 0. 0.
374.174 125 LINK_REPORT 125 0 374 301 30324 673 0 0. 0. 0 -299754.72
375.174 125 LINK_REPORT 125 0 375 302 30324 673 0 0. 0. 0 -299754.72
376.175 125 LINK_REPORT 125 0 376 303 30324 673 0 0. 0. 0 -304755.91
377.176 125 LINK_REPORT 125 0 377 304 30324 673 0 0. 0. 0 -304755.91
378.176 125 LINK_REPORT 125 0 378 305 30324 673 0 0. 0. 0 -304755.91
379.177 125 LINK_REPORT 125 0 379 306 30324 673 0 0. 0. 0 -304755.91
380.177 125 LINK_REPORT 125 0 380 307 30324 673 0 0. 0. 0 -304755.91
381.178 125 LINK_REPORT 125 0 381 308 30324 673 0 0. 0. 0 -309756.8
382.178 125 LINK_REPORT 125 0 382 309 30324 673 0 0. 0. 0 -309756.8
383.179 125 LINK_REPORT 125 0 383 310 30324 673 0 0. 0. 0 -309756.8
383.396 125 WIND_INFO 125 42 0. 0. 0.
384.180 125 LINK_REPORT 125 0 384 311 30324 673 0 0. 0. 0 -309756.8
385.181 125 LINK_REPORT 125 0 385 312 30324 673 0 0. 0. 0 -309756.8
386.182 125 LINK_REPORT 125 0 386 313 30324 673 0 0. 0. 0 -314757.22
387.182 125 LINK_REPORT 125 0 387 314 30324 673 0 0. 0. 0 -314757.22
388.183 125 LINK_REPORT 125 0 388 315 30324 673 0 0. 0. 0 -314757.22
389.184 125 LINK_REPORT 125 0 389 316 30324 673 0 0. 0. 0 -314757.22
390.185 125 LINK_REPORT 125 0 390 317 30324 673 0 0. 0. 0 -314757.22
391.186 125 LINK_REPORT 125 0 391 318 30324 673 0 0. 0. 0 -319758.2
392.186 125 LINK_REPORT 125 0 392 319 30324 673 0 0. 0. 0 -319758.2
393.187 125 LINK_REPORT 125 0 393 320 30324 673 0 0. 0. 0 -319758.2
393.396 125 WIND_INFO 125 42 0. 0. 0.
394.188 125 LINK_REPORT 125 0 394 321 30324 673 0 0. 0. 0 -319758.2
395.188 125 LINK_REPORT 125 0 395 322 30324 673 0 0. 0. 0 -319758.2
396.189 125 LINK_REPORT 125 0 396 323 30324 673 0 0. 0. 0 -324758.63
397.190 125 LINK_REPORT 125 0 397 324 30324 673 0 0. 0. 0 -324758.63
398.191 125 LINK_REPORT 125 0 398 325 30324 673 0 0. 0. 0 -324758.63
399.191 125 LINK_REPORT 125 0 399 326 30324 673 0 0. 0. 0 -324758.63
400.192 125 LINK_REPORT 125 0 400 327 30324 673 0 0. 0. 0 -324758.63
401.192 125 LINK_REPORT 125 0 401 328 30324 673 0 0. 0. 0 -329759.34
402.193 125 LINK_REPORT 125 0 402 329 30324 673 0 0. 0. 0 -329759.34
403.194 125 LINK_REPORT 125 0 403 330 30324 673 0 0. 0. 0 -329759.34
403.396 125 WIND_INFO 125 42 0. 0. 0.
404.194 125 LINK_REPORT 125 0 404 331 30324 673 0 0. 0. 0 -329759.34
405.194 125 LINK_REPORT 125 0 405 332 30324 673 0 0. 0. 0 -329759.34
406.195 125 LINK_REPORT 125 0 406 333 30324 673 0 0. 0. 0 -334759.81
407.195 125 LINK_REPORT 125 0 407 334 30324 673 0 0. 0. 0 -334759.81
408.196 125 LINK_REPORT 125 0 408 335 30324 673 0 0. 0. 0 -334759.81
409.196 125 LINK_REPORT 125 0 409 336 30324 673 0 0. 0. 0 -334759.81
410.197 125 LINK_REPORT 125 0 410 337 30324 673 0 0. 0. 0 -334759.81
411.198 125 LINK_REPORT 125 0 411 338 30324 673 0 0. 0. 0 -339760.22
412.198 125 LINK_REPORT 125 0 412 339 30324 673 0 0. 0. 0 -339760.22
413.199 125 LINK_REPORT 125 0 413 340 30324 673 0 0. 0. 0 -339760.22
413.396 125 WIND_INFO 125 42 0. 0. 0.
414.199 125 LINK_REPORT 125 0 414 341 30324 673 0 0. 0. 0 -339760.22
415.200 125 LINK_REPORT 125 0 415 342 30324 673 0 0. 0. 0 -339760.22
416.201 125 LINK_REPORT 125 0 416 343 30324 673 0 0. 0. 0 -344761.16
417.201 125 LINK_REPORT 125 0 417 344 30324 673 0 0. 0. 0 -344761.16
418.202 125 LINK_REPORT 125 0 418 345 30324 673 0 0. 0. 0 -344761.16
419.203 125 LINK_REPORT 125 0 419 346 30324 673 0 0. 0. 0 -344761.16
420.203 125 LINK_REPORT 125 0 420 347 30324 673 0 0. 0. 0 -344761.16
421.204 125 LINK_REPORT 125 0 421 348 30324 673 0 0. 0. 0 -349762.41
422.205 125 LINK_REPORT 125 0 422 349 30324 673 0 0. 0. 0 -349762.41
423.205 125 LINK_REPORT 125 0 423 350 30324 673 0 0. 0. 0 -349762.41
423.396 125 WIND_INFO 125 42 0. 0. 0.
424.206 125 LINK_REPORT 125 0 424 351 30324 673 0 0. 0. 0 -349762.41
425.206 125 LINK_REPORT 125 0 425 352 30324 673 0 0. 0. 0 -349762.41
426.207 125 LINK_REPORT 125 0 426 353 30324 673 0 0. 0. 0 -354763.48
427.207 125 LINK_REPORT 125 0 427 354 30324 673 0 0. 0. 0 -354763.48
428.208 125 LINK_REPORT 125 0 428 355 30324 673 0 0. 0. 0 -354763.48
429.209 125 LINK_REPORT 125 0 429 356 30324 673 0 0. 0. 0 -354763.48
430.209 125 LINK_REPORT 125 0 430 357 30324 673 0 0. 0. 0 -354763.48
431.210 125 LINK_REPORT 125 0 431 358 30324 673 0 0. 0. 0 -359763.81
432.211 125 LINK_REPORT 125 0 432 359 30324 673 0 0. 0. 0 -359763.81
433.212 125 LINK_REPORT 125 0 433 360 30324 673 0 0. 0. 0 -359763.81
433.396 125 WIND_INFO 125 42 0. 0. 0.
434.213 125 LINK_REPORT 125 0 434 361 30324 673 0 0. 0. 0 -359763.81
435.213 125 LINK_REPORT 125 0 435 362 30324 673 0 0. 0. 0 -359763.81
436.214 125 LINK_REPORT 125 0 436 363 30324 673 0 0. 0. 0 -364764.98
437.215 125 LINK_REPORT 125 0 437 364 30324 673 0 0. 0. 0 -364764.98
438.216 125 LINK_REPORT 125 0 438 365 30324 673 0 0. 0. 0 -364764.98
439.216 125 LINK_REPORT 125 0 439 366 30324 673 0 0. 0. 0 -364764.98
440.217 125 LINK_REPORT 125 0 440 367 30324 673 0 0. 0. 0 -364764.98
441.217 125 LINK_REPORT 125 0 441 368 30324 673 0 0. 0. 0 -369765.99
442.218 125 LINK_REPORT 125 0 442 369 30324 673 0 0. 0. 0 -369765.99
443.219 125 LINK_REPORT 125 0 443 370 30324 673 0 0. 0. 0 -369765.99
443.397 125 WIND_INFO 125 42 0. 0. 0.
444.219 125 LINK_REPORT 125 0 444 371 30324 673 0 0. 0. 0 -369765.99
445.220 125 LINK_REPORT 125 0 445 372 30324 673 0 0. 0. 0 -369765.99
446.221 125 LINK_REPORT 125 0 446 373 30324 673 0 0. 0. 0 -374766.33
447.222 125 LINK_REPORT 125 0 447 374 30324 673 0 0. 0. 0 -374766.33
448.222 125 LINK_REPORT 125 0 448 375 30324 673 0 0. 0. 0 -374766.33
449.223 125 LINK_REPORT 125 0 449 376 30324 673 0 0. 0. 0 -374766.33
450.224 125 LINK_REPORT 125 0 450 377 30324 673 0 0. 0. 0 -374766.33
451.225 125 LINK_REPORT 125 0 451 378 30324 673 0 0. 0. 0 -379767.
452.225 125 LINK_REPORT 125 0 452 379 30324 673 0 0. 0. 0 -379767.
453.226 125 LINK_REPORT 125 0 453 380 30324 673 0 0. 0. 0 -379767.
453.397 125 WIND_INFO 125 42 0. 0. 0.
454.226 125 LINK_REPORT 125 0 454 381 30324 673 0 0. 0. 0 -379767.
455.227 125 LINK_REPORT 125 0 455 382 30324 673 0 0. 0. 0 -379767.
456.227 125 LINK_REPORT 125 0 456 383 30324 673 0 0. 0. 0 -384767.88
457.228 125 LINK_REPORT 125 0 457 384 30324 673 0 0. 0. 0 -384767.88
458.228 125 LINK_REPORT 125 0 458 385 30324 673 0 0. 0. 0 -384767.88
459.228 125 LINK_REPORT 125 0 459 386 30324 673 0 0. 0. 0 -384767.88
460.229 125 LINK_REPORT 125 0 460 387 30324 673 0 0. 0. 0 -384767.88
461.230 125 LINK_REPORT 125 0 461 388 30324 673 0 0. 0. 0 -389768.24
462.230 125 LINK_REPORT 125 0 462 389 30324 673 0 0. 0. 0 -389768.24
463.231 125 LINK_REPORT 125 0 463 390 30324 673 0 0. 0. 0 -389768.24
463.397 125 WIND_INFO 125 42 0. 0. 0.
464.232 125 LINK_REPORT 125 0 464 391 30324 673 0 0. 0. 0 -389768.24
465.233 125 LINK_REPORT 125 0 465 392 30324 673 0 0. 0. 0 -389768.24
466.233 125 LINK_REPORT 125 0 466 393 30324 673 0 0. 0. 0 -394768.94
467.234 125 LINK_REPORT 125 0 467 394 30324 673 0 0. 0. 0 -394768.94
468.235 125 LINK_REPORT 125 0 468 395 30324 673 0 0. 0. 0 -394768.94
469.235 125 LINK_REPORT 125 0 469 396 30324 673 0 0. 0. 0 -394768.94
470.236 125 LINK_REPORT 125 0 470 397 30324 673 0 0. 0. 0 -394768.94
471.237 125 LINK_REPORT 125 0 471 398 30324 673 0 0. 0. 0 -399769.33
472.237 125 LINK_REPORT 125 0 472 399 30324 673 0 0. 0. 0 -399769.33
473.238 125 LINK_REPORT 125 0 473 400 30324 673 0 0. 0. 0 -399769.33
473.397 125 WIND_INFO 125 42 0. 0. 0.
474.239 125 LINK_REPORT 125 0 474 401 30324 673 0 0. 0. 0 -399769.33
475.240 125 LINK_REPORT 125 0 475 402 30324 673 0 0. 0. 0 -399769.33
476.241 125 LINK_REPORT 125 0 476 403 30324 673 0 0. 0. 0 -404770.01
477.241 125 LINK_REPORT 125 0 477 404 30324 673 0 0. 0. 0 -404770.01
478.241 125 LINK_REPORT 125 0 478 405 30324 673 0 0. 0. 0 -404770.01
479.242 125 LINK_REPORT 125 0 479 406 30324 673 0 0. 0. 0 -404770.01
480.242 125 LINK_REPORT 125 0 480 407 30324 673 0 0. 0. 0 -404770.01
481.243 125 LINK_REPORT 125 0 481 408 30324 673 0 0. 0. 0 -409770.78
482.243 125 LINK_REPORT 125 0 482 409 30324 673 0 0. 0. 0 -409770.78
483.244 125 LINK_REPORT 125 0 483 410 30324 673 0 0. 0. 0 -409770.78
483.397 125 WIND_INFO 125 42 0. 0. 0.
484.245 125 LINK_REPORT 125 0 484 411 30324 673 0 0. 0. 0 -409770.78
485.245 125 LINK_REPORT 125 0 485 412 30324 673 0 0. 0. 0 -409770.78
486.246 125 LINK_REPORT 125 0 486 413 30324 673 0 0. 0. 0 -414771.66
487.246 125 LINK_REPORT 125 0 487 414 30324 673 0 0. 0. 0 -414771.66
488.247 125 LINK_REPORT 125 0 488 415 30324 673 0 0. 0. 0 -414771.66
489.247 125 LINK_REPORT 125 0 489 416 30324 673 0 0. 0. 0 -414771.66
490.248 125 LINK_REPORT 125 0 490 417 30324 673 0 0. 0. 0 -414771.66
491.249 125 LINK_REPORT 125 0 491 418 30324 673 0 0. 0. 0 -419772.34
492.250 125 LINK_REPORT 125 0 492 419 30324 673 0 0. 0. 0 -419772.34
493.250 125 LINK_REPORT 125 0 493 420 30324 673 0 0. 0. 0 -419772.34
493.397 125 WIND_INFO 125 42 0. 0. 0.
494.251 125 LINK_REPORT 125 0 494 421 30324 673 0 0. 0. 0 -419772.34
495.251 125 LINK_REPORT 125 0 495 422 30324 673 0 0. 0. 0 -419772.34
496.252 125 LINK_REPORT 125 0 496 423 30324 673 0 0. 0. 0 -424772.77
497.252 125 LINK_REPORT 125 0 497 424 30324 673 0 0. 0. 0 -424772.77
498.253 125 LINK_REPORT 125 0 498 425 30324 673 0 0. 0. 0 -424772.77
499.254 125 LINK_REPORT 125 0 499 426 30324 673 0 0. 0. 0 -424772.77
500.254 125 LINK_REPORT 125 0 500 427 30324 673 0 0. 0. 0 -424772.77
501.255 125 LINK_REPORT 125 0 501 428 30324 673 0 0. 0. 0 -429773.48
502.255 125 LINK_REPORT 125 0 502 429 30324 673 0 0. 0. 0 -429773.48
503.256 125 LINK_REPORT 125 0 503 430 30324 673 0 0. 0. 0 -429773.48
503.397 125 WIND_INFO 125 42 0. 0. 0.
504.258 125 LINK_REPORT 125 0 504 431 30324 673 0 0. 0. 0 -429773.48
505.260 125 LINK_REPORT 125 0 505 432 30324 673 0 0. 0. 0 -429773.48
506.262 125 LINK_REPORT 125 0 506 433 30324 673 0 0. 0. 0 -434774.35
507.264 125 LINK_REPORT 125 0 507 434 30324 673 0 0. 0. 0 -434774.35
508.266 125 LINK_REPORT 125 0 508 435 30324 673 0 0. 0. 0 -434774.35
509.268 125 LINK_REPORT 125 0 509 436 30324 673 0 0. 0. 0 -434774.35
510.261 125 LINK_REPORT 125 0 510 437 30324 673 0 0. 0. 0 -434774.35
511.262 125 LINK_REPORT 125 0 511 438 30324 673 0 0. 0. 0 -439775.03
512.262 125 LINK_REPORT 125 0 512 439 30324 673 0 0. 0. 0 -439775.03
513.262 125 LINK_REPORT 125 0 513 440 30324 673 0 0. 0. 0 -439775.03
513.397 125 WIND_INFO 125 42 0. 0. 0.
514.263 125 LINK_REPORT 125 0 514 441 30324 673 0 0. 0. 0 -439775.03
515.264 125 LINK_REPORT 125 0 515 442 30324 673 0 0. 0. 0 -439775.03
516.265 125 LINK_REPORT 125 0 516 443 30324 673 0 0. 0. 0 -444775.28
517.265 125 LINK_REPORT 125 0 517 444 30324 673 0 0. 0. 0 -444775.28
518.266 125 LINK_REPORT 125 0 518 445 30324 673 0 0. 0. 0 -444775.28
519.266 125 LINK_REPORT 125 0 519 446 30324 673 0 0. 0. 0 -444775.28
520.267 125 LINK_REPORT 125 0 520 447 30324 673 0 0. 0. 0 -444775.28
521.268 125 LINK_REPORT 125 0 521 448 30324 673 0 0. 0. 0 -449776.35
522.269 125 LINK_REPORT 125 0 522 449 30324 673 0 0. 0. 0 -449776.35
523.269 125 LINK_REPORT 125 0 523 450 30324 673 0 0. 0. 0 -449776.35
523.397 125 WIND_INFO 125 42 0. 0. 0.
524.270 125 LINK_REPORT 125 0 524 451 30324 673 0 0. 0. 0 -449776.35
525.271 125 LINK_REPORT 125 0 525 452 30324 673 0 0. 0. 0 -449776.35
526.272 125 LINK_REPORT 125 0 526 453 30324 673 0 0. 0. 0 -454777.21
527.272 125 LINK_REPORT 125 0 527 454 30324 673 0 0. 0. 0 -454777.21
528.273 125 LINK_REPORT 125 0 528 455 30324 673 0 0. 0. 0 -454777.21
529.273 125 LINK_REPORT 125 0 529 456 30324 673 0 0. 0. 0 -454777.21
530.274 125 LINK_REPORT 125 0 530 457 30324 673 0 0. 0. 0 -454777.21
531.275 125 LINK_REPORT 125 0 531 458 30324 673 0 0. 0. 0 -459777.56
532.276 125 LINK_REPORT 125 0 532 459 30324 673 0 0. 0. 0 -459777.56
533.277 125 LINK_REPORT 125 0 533 460 30324 673 0 0. 0. 0 -459777.56
533.397 125 WIND_INFO 125 42 0. 0. 0.
534.277 125 LINK_REPORT 125 0 534 461 30324 673 0 0. 0. 0 -459777.56
535.278 125 LINK_REPORT 125 0 535 462 30324 673 0 0. 0. 0 -459777.56
536.279 125 LINK_REPORT 125 0 536 463 30324 673 0 0. 0. 0 -464778.49
537.280 125 LINK_REPORT 125 0 537 464 30324 673 0 0. 0. 0 -464778.49
538.280 125 LINK_REPORT 125 0 538 465 30324 673 0 0. 0. 0 -464778.49
539.281 125 LINK_REPORT 125 0 539 466 30324 673 0 0. 0. 0 -464778.49
540.281 125 LINK_REPORT 125 0 540 467 30324 673 0 0. 0. 0 -464778.49
541.282 125 LINK_REPORT 125 0 541 468 30324 673 0 0. 0. 0 -469779.48
542.283 125 LINK_REPORT 125 0 542 469 30324 673 0 0. 0. 0 -469779.48
543.283 125 LINK_REPORT 125 0 543 470 30324 673 0 0. 0. 0 -469779.48
543.397 125 WIND_INFO 125 42 0. 0. 0.
544.284 125 LINK_REPORT 125 0 544 471 30324 673 0 0. 0. 0 -469779.48
545.284 125 LINK_REPORT 125 0 545 472 30324 673 0 0. 0. 0 -469779.48
546.285 125 LINK_REPORT 125 0 546 473 30324 673 0 0. 0. 0 -474780.03
547.285 125 LINK_REPORT 125 0 547 474 30324 673 0 0. 0. 0 -474780.03
548.286 125 LINK_REPORT 125 0 548 475 30324 673 0 0. 0. 0 -474780.03
549.287 125 LINK_REPORT 125 0 549 476 30324 673 0 0. 0. 0 -474780.03
550.288 125 LINK_REPORT 125 0 550 477 30324 673 0 0. 0. 0 -474780.03
551.288 125 LINK_REPORT 125 0 551 478 30324 673 0 0. 0. 0 -479781.07
552.289 125 LINK_REPORT 125 0 552 479 30324 673 0 0. 0. 0 -479781.07
553.290 125 LINK_REPORT 125 0 553 480 30324 673 0 0. 0. 0 -479781.07
553.397 125 WIND_INFO 125 42 0. 0. 0.
554.291 125 LINK_REPORT 125 0 554 481 30324 673 0 0. 0. 0 -479781.07
555.291 125 LINK_REPORT 125 0 555 482 30324 673 0 0. 0. 0 -479781.07
556.292 125 LINK_REPORT 125 0 556 483 30324 673 0 0. 0. 0 -484781.63
557.293 125 LINK_REPORT 125 0 557 484 30324 673 0 0. 0. 0 -484781.63
558.294 125 LINK_REPORT 125 0 558 485 30324 673 0 0. 0. 0 -484781.63
559.294 125 LINK_REPORT 125 0 559 486 30324 673 0 0. 0. 0 -484781.63
560.295 125 LINK_REPORT 125 0 560 487 30324 673 0 0. 0. 0 -484781.63
561.296 125 LINK_REPORT 125 0 561 488 30324 673 0 0. 0. 0 -489782.44
562.297 125 LINK_REPORT 125 0 562 489 30324 673 0 0. 0. 0 -489782.44
563.297 125 LINK_REPORT 125 0 563 490 30324 673 0 0. 0. 0 -489782.44
563.398 125 WIND_INFO 125 42 0. 0. 0.
564.298 125 LINK_REPORT 125 0 564 491 30324 673 0 0. 0. 0 -489782.44
565.298 125 LINK_REPORT 125 0 565 492 30324 673 0 0. 0. 0 -489782.44
566.299 125 LINK_REPORT 125 0 566 493 30324 673 0 0. 0. 0 -494783.71
567.300 125 LINK_REPORT 125 0 567 494 30324 673 0 0. 0. 0 -494783.71
568.301 125 LINK_REPORT 125 0 568 495 30324 673 0 0. 0. 0 -494783.71
569.301 125 LINK_REPORT 125 0 569 496 30324 673 0 0. 0. 0 -494783.71
570.302 125 LINK_REPORT 125 0 570 497 30324 673 0 0. 0. 0 -494783.71
571.302 125 LINK_REPORT 125 0 571 498 30324 673 0 0. 0. 0 -499784.86
572.303 125 LINK_REPORT 125 0 572 499 30324 673 0 0. 0. 0 -499784.86
573.303 125 LINK_REPORT 125 0 573 500 30324 673 0 0. 0. 0 -499784.86
573.397 125 WIND_INFO 125 42 0. 0. 0.
574.304 125 LINK_REPORT 125 0 574 501 30324 673 0 0. 0. 0 -499784.86
575.304 125 LINK_REPORT 125 0 575 502 30324 673 0 0. 0. 0 -499784.86
576.305 125 LINK_REPORT 125 0 576 503 30324 673 0 0. 0. 0 -504785.51
577.306 125 LINK_REPORT 125 0 577 504 30324 673 0 0. 0. 0 -504785.51
578.307 125 LINK_REPORT 125 0 578 505 30324 673 0 0. 0. 0 -504785.51
579.307 125 LINK_REPORT 125 0 579 506 30324 673 0 0. 0. 0 -504785.51
580.308 125 LINK_REPORT 125 0 580 507 30324 673 0 0. 0. 0 -504785.51
581.309 125 LINK_REPORT 125 0 581 508 30324 673 0 0. 0. 0 -509786.41
582.310 125 LINK_REPORT 125 0 582 509 30324 673 0 0. 0. 0 -509786.41
583.310 125 LINK_REPORT 125 0 583 510 30324 673 0 0. 0. 0 -509786.41
583.398 125 WIND_INFO 125 42 0. 0. 0.
584.311 125 LINK_REPORT 125 0 584 511 30324 673 0 0. 0. 0 -509786.41
585.312 125 LINK_REPORT 125 0 585 512 30324 673 0 0. 0. 0 -509786.41
586.313 125 LINK_REPORT 125 0 586 513 30324 673 0 0. 0. 0 -514787.15
587.313 125 LINK_REPORT 125 0 587 514 30324 673 0 0. 0. 0 -514787.15
588.314 125 LINK_REPORT 125 0 588 515 30324 673 0 0. 0. 0 -514787.15
589.315 125 LINK_REPORT 125 0 589 516 30324 673 0 0. 0. 0 -514787.15
590.315 125 LINK_REPORT 125 0 590 517 30324 673 0 0. 0. 0 -514787.15
591.316 125 LINK_REPORT 125 0 591 518 30324 673 0 0. 0. 0 -519787.64
592.317 125 LINK_REPORT 125 0 592 519 30324 673 0 0. 0. 0 -519787.64
593.318 125 LINK_REPORT 125 0 593 520 30324 673 0 0. 0. 0 -519787.64
593.398 125 WIND_INFO 125 42 0. 0. 0.
594.318 125 LINK_REPORT 125 0 594 521 30324 673 0 0. 0. 0 -519787.64
595.319 125 LINK_REPORT 125 0 595 522 30324 673 0 0. 0. 0 -519787.64
596.320 125 LINK_REPORT 125 0 596 523 30324 673 0 0. 0. 0 -524788.61
597.321 125 LINK_REPORT 125 0 597 524 30324 673 0 0. 0. 0 -524788.61
598.322 125 LINK_REPORT 125 0 598 525 30324 673 0 0. 0. 0 -524788.61
599.322 125 LINK_REPORT 125 0 599 526 30324 673 0 0. 0. 0 -524788.61
600.323 125 LINK_REPORT 125 0 600 527 30324 673 0 0. 0. 0 -524788.61
601.324 125 LINK_REPORT 125 0 601 528 30324 673 0 0. 0. 0 -529789.42
602.325 125 LINK_REPORT 125 0 602 529 30324 673 0 0. 0. 0 -529789.42
603.325 125 LINK_REPORT 125 0 603 530 30324 673 0 0. 0. 0 -529789.42
603.405 125 WIND_INFO 125 42 0. 0. 0.
604.325 125 LINK_REPORT 125 0 604 531 30324 673 0 0. 0. 0 -529789.42
605.326 125 LINK_REPORT 125 0 605 532 30324 673 0 0. 0. 0 -529789.42
606.327 125 LINK_REPORT 125 0 606 533 30324 673 0 0. 0. 0 -534790.39
607.327 125 LINK_REPORT 125 0 607 534 30324 673 0 0. 0. 0 -534790.39
608.328 125 LINK_REPORT 125 0 608 535 30324 673 0 0. 0. 0 -534790.39
609.328 125 LINK_REPORT 125 0 609 536 30324 673 0 0. 0. 0 -534790.39
610.329 125 LINK_REPORT 125 0 610 537 30324 673 0 0. 0. 0 -534790.39
611.330 125 LINK_REPORT 125 0 611 538 30324 673 0 0. 0. 0 -539791.28
612.330 125 LINK_REPORT 125 0 612 539 30324 673 0 0. 0. 0 -539791.28
613.331 125 LINK_REPORT 125 0 613 540 30324 673 0 0. 0. 0 -539791.28
613.403 125 WIND_INFO 125 42 0. 0. 0.
614.332 125 LINK_REPORT 125 0 614 541 30324 673 0 0. 0. 0 -539791.28
615.333 125 LINK_REPORT 125 0 615 542 30324 673 0 0. 0. 0 -539791.28
616.333 125 LINK_REPORT 125 0 616 543 30324 673 0 0. 0. 0 -544791.79
617.334 125 LINK_REPORT 125 0 617 544 30324 673 0 0. 0. 0 -544791.79
618.334 125 LINK_REPORT 125 0 618 545 30324 673 0 0. 0. 0 -544791.79
619.334 125 LINK_REPORT 125 0 619 546 30324 673 0 0. 0. 0 -544791.79
620.335 125 LINK_REPORT 125 0 620 547 30324 673 0 0. 0. 0 -544791.79
621.336 125 LINK_REPORT 125 0 621 548 30324 673 0 0. 0. 0 -549792.36
622.336 125 LINK_REPORT 125 0 622 549 30324 673 0 0. 0. 0 -549792.36
623.337 125 LINK_REPORT 125 0 623 550 30324 673 0 0. 0. 0 -549792.36
623.404 125 WIND_INFO 125 42 0. 0. 0.
624.338 125 LINK_REPORT 125 0 624 551 30324 673 0 0. 0. 0 -549792.36
625.339 125 LINK_REPORT 125 0 625 552 30324 673 0 0. 0. 0 -549792.36
626.340 125 LINK_REPORT 125 0 626 553 30324 673 0 0. 0. 0 -554793.01
627.340 125 LINK_REPORT 125 0 627 554 30324 673 0 0. 0. 0 -554793.01
628.341 125 LINK_REPORT 125 0 628 555 30324 673 0 0. 0. 0 -554793.01
629.342 125 LINK_REPORT 125 0 629 556 30324 673 0 0. 0. 0 -554793.01
630.342 125 LINK_REPORT 125 0 630 557 30324 673 0 0. 0. 0 -554793.01
631.343 125 LINK_REPORT 125 0 631 558 30324 673 0 0. 0. 0 -559793.65
632.344 125 LINK_REPORT 125 0 632 559 30324 673 0 0. 0. 0 -559793.65
633.345 125 LINK_REPORT 125 0 633 560 30324 673 0 0. 0. 0 -559793.65
633.404 125 WIND_INFO 125 42 0. 0. 0.
634.345 125 LINK_REPORT 125 0 634 561 30324 673 0 0. 0. 0 -559793.65
635.346 125 LINK_REPORT 125 0 635 562 30324 673 0 0. 0. 0 -559793.65
636.347 125 LINK_REPORT 125 0 636 563 30324 673 0 0. 0. 0 -564794.1
637.347 125 LINK_REPORT 125 0 637 564 30324 673 0 0. 0. 0 -564794.1
638.348 125 LINK_REPORT 125 0 638 565 30324 673 0 0. 0. 0 -564794.1
639.349 125 LINK_REPORT 125 0 639 566 30324 673 0 0. 0. 0 -564794.1
640.349 125 LINK_REPORT 125 0 640 567 30324 673 0 0. 0. 0 -564794.1
641.350 125 LINK_REPORT 125 0 641 568 30324 673 0 0. 0. 0 -569795.16
642.350 125 LINK_REPORT 125 0 642 569 30324 673 0 0. 0. 0 -569795.16
643.351 125 LINK_REPORT 125 0 643 570 30324 673 0 0. 0. 0 -569795.16
643.404 125 WIND_INFO 125 42 0. 0. 0.
644.352 125 LINK_REPORT 125 0 644 571 30324 673 0 0. 0. 0 -569795.16
645.353 125 LINK_REPORT 125 0 645 572 30324 673 0 0. 0. 0 -569795.16
646.354 125 LINK_REPORT 125 0 646 573 30324 673 0 0. 0. 0 -574796.29
647.355 125 LINK_REPORT 125 0 647 574 30324 673 0 0. 0. 0 -574796.29
648.355 125 LINK_REPORT 125 0 648 575 30324 673 0 0. 0. 0 -574796.29
649.356 125 LINK_REPORT 125 0 649 576 30324 673 0 0. 0. 0 -574796.29
650.357 125 LINK_REPORT 125 0 650 577 30324 673 0 0. 0. 0 -574796.29
651.358 125 LINK_REPORT 125 0 651 578 30324 673 0 0. 0. 0 -579797.27
652.359 125 LINK_REPORT 125 0 652 579 30324 673 0 0. 0. 0 -579797.27
653.359 125 LINK_REPORT 125 0 653 580 30324 673 0 0. 0. 0 -579797.27
653.404 125 WIND_INFO 125 42 0. 0. 0.
654.359 125 LINK_REPORT 125 0 654 581 30324 673 0 0. 0. 0 -579797.27
655.360 125 LINK_REPORT 125 0 655 582 30324 673 0 0. 0. 0 -579797.27
656.361 125 LINK_REPORT 125 0 656 583 30324 673 0 0. 0. 0 -584798.27
657.361 125 LINK_REPORT 125 0 657 584 30324 673 0 0. 0. 0 -584798.27
658.362 125 LINK_REPORT 125 0 658 585 30324 673 0 0. 0. 0 -584798.27
659.363 125 LINK_REPORT 125 0 659 586 30324 673 0 0. 0. 0 -584798.27
660.363 125 LINK_REPORT 125 0 660 587 30324 673 0 0. 0. 0 -584798.27
661.364 125 LINK_REPORT 125 0 661 588 30324 673 0 0. 0. 0 -589798.7
662.365 125 LINK_REPORT 125 0 662 589 30324 673 0 0. 0. 0 -589798.7
663.366 125 LINK_REPORT 125 0 663 590 30324 673 0 0. 0. 0 -589798.7
663.404 125 WIND_INFO 125 42 0. 0. 0.
664.366 125 LINK_REPORT 125 0 664 591 30324 673 0 0. 0. 0 -589798.7
665.367 125 LINK_REPORT 125 0 665 592 30324 673 0 0. 0. 0 -589798.7
666.368 125 LINK_REPORT 125 0 666 593 30324 673 0 0. 0. 0 -594799.14
667.368 125 LINK_REPORT 125 0 667 594 30324 673 0 0. 0. 0 -594799.14
668.369 125 LINK_REPORT 125 0 668 595 30324 673 0 0. 0. 0 -594799.14
669.370 125 LINK_REPORT 125 0 669 596 30324 673 0 0. 0. 0 -594799.14
670.370 125 LINK_REPORT 125 0 670 597 30324 673 0 0. 0. 0 -594799.14
671.371 125 LINK_REPORT 125 0 671 598 30324 673 0 0. 0. 0 -599799.54
672.371 125 LINK_REPORT 125 0 672 599 30324 673 0 0. 0. 0 -599799.54
673.372 125 LINK_REPORT 125 0 673 600 30324 673 0 0. 0. 0 -599799.54
673.404 125 WIND_INFO 125 42 0. 0. 0.
674.372 125 LINK_REPORT 125 0 674 601 30324 673 0 0. 0. 0 -599799.54
675.373 125 LINK_REPORT 125 0 675 602 30324 673 0 0. 0. 0 -599799.54
676.374 125 LINK_REPORT 125 0 676 603 30324 673 0 0. 0. 0 -604800.36
677.375 125 LINK_REPORT 125 0 677 604 30324 673 0 0. 0. 0 -604800.36
678.375 125 LINK_REPORT 125 0 678 605 30324 673 0 0. 0. 0 -604800.36
679.376 125 LINK_REPORT 125 0 679 606 30324 673 0 0. 0. 0 -604800.36
680.376 125 LINK_REPORT 125 0 680 607 30324 673 0 0. 0. 0 -604800.36
681.377 125 LINK_REPORT 125 0 681 608 30324 673 0 0. 0. 0 -609801.49
682.377 125 LINK_REPORT 125 0 682 609 30324 673 0 0. 0. 0 -609801.49
683.378 125 LINK_REPORT 125 0 683 610 30324 673 0 0. 0. 0 -609801.49
683.404 125 WIND_INFO 125 42 0. 0. 0.
684.378 125 LINK_REPORT 125 0 684 611 30324 673 0 0. 0. 0 -609801.49
685.379 125 LINK_REPORT 125 0 685 612 30324 673 0 0. 0. 0 -609801.49
686.380 125 LINK_REPORT 125 0 686 613 30324 673 0 0. 0. 0 -614802.16
687.381 125 LINK_REPORT 125 0 687 614 30324 673 0 0. 0. 0 -614802.16
688.381 125 LINK_REPORT 125 0 688 615 30324 673 0 0. 0. 0 -614802.16
689.382 125 LINK_REPORT 125 0 689 616 30324 673 0 0. 0. 0 -614802.16
690.383 125 LINK_REPORT 125 0 690 617 30324 673 0 0. 0. 0 -614802.16
691.383 125 LINK_REPORT 125 0 691 618 30324 673 0 0. 0. 0 -619802.78
692.384 125 LINK_REPORT 125 0 692 619 30324 673 0 0. 0. 0 -619802.78
693.384 125 LINK_REPORT 125 0 693 620 30324 673 0 0. 0. 0 -619802.78
693.404 125 WIND_INFO 125 42 0. 0. 0.
694.385 125 LINK_REPORT 125 0 694 621 30324 673 0 0. 0. 0 -619802.78
695.386 125 LINK_REPORT 125 0 695 622 30324 673 0 0. 0. 0 -619802.78
696.387 125 LINK_REPORT 125 0 696 623 30324 673 0 0. 0. 0 -624803.36
697.388 125 LINK_REPORT 125 0 697 624 30324 673 0 0. 0. 0 -624803.36
698.388 125 LINK_REPORT 125 0 698 625 30324 673 0 0. 0. 0 -624803.36
699.389 125 LINK_REPORT 125 0 699 626 30324 673 0 0. 0. 0 -624803.36
700.390 125 LINK_REPORT 125 0 700 627 30324 673 0 0. 0. 0 -624803.36
701.390 125 LINK_REPORT 125 0 701 628 30324 673 0 0. 0. 0 -629803.79
702.391 125 LINK_REPORT 125 0 702 629 30324 673 0 0. 0. 0 -629803.79
703.392 125 LINK_REPORT 125 0 703 630 30324 673 0 0. 0. 0 -629803.79
703.405 125 WIND_INFO 125 42 0. 0. 0.
704.393 125 LINK_REPORT 125 0 704 631 30324 673 0 0. 0. 0 -629803.79
705.393 125 LINK_REPORT 125 0 705 632 30324 673 0 0. 0. 0 -629803.79
706.394 125 LINK_REPORT 125 0 706 633 30324 673 0 0. 0. 0 -634804.83
707.395 125 LINK_REPORT 125 0 707 634 30324 673 0 0. 0. 0 -634804.83
708.395 125 LINK_REPORT 125 0 708 635 30324 673 0 0. 0. 0 -634804.83
709.396 125 LINK_REPORT 125 0 709 636 30324 673 0 0. 0. 0 -634804.83
710.397 125 LINK_REPORT 125 0 710 637 30324 673 0 0. 0. 0 -634804.83
711.398 125 LINK_REPORT 125 0 711 638 30324 673 0 0. 0. 0 -639805.95
712.398 125 LINK_REPORT 125 0 712 639 30324 673 0 0. 0. 0 -639805.95
713.398 125 LINK_REPORT 125 0 713 640 30324 673 0 0. 0. 0 -639805.95
713.404 125 WIND_INFO 125 42 0. 0. 0.
714.398 125 LINK_REPORT 125 0 714 641 30324 673 0 0. 0. 0 -639805.95
715.398 125 LINK_REPORT 125 0 715 642 30324 673 0 0. 0. 0 -639805.95
716.399 125 LINK_REPORT 125 0 716 643 30324 673 0 0. 0. 0 -644806.89
717.400 125 LINK_REPORT 125 0 717 644 30324 673 0 0. 0. 0 -644806.89
718.400 125 LINK_REPORT 125 0 718 645 30324 673 0 0. 0. 0 -644806.89
719.401 125 LINK_REPORT 125 0 719 646 30324 673 0 0. 0. 0 -644806.89
