2.989 200 ROTORCRAFT_FP 0 0 0 0 0 0 0 0 0 0 0 512 0 0 0
3.003 200 LINK_REPORT 200 0 3 0 2035 52 0 678. 18. 0 0.
3.092 200 GPS_INT 0 0 0 0 0 0 0 0 0 0 0 0 0 0 0 0
3.092 200 SVINFO 0 0 0 0 0 0 0
3.194 200 ROTORCRAFT_FP 0 0 0 0 0 0 0 0 0 0 0 512 0 0 0
3.398 200 DL_VALUE 8 0.5
3.399 200 GPS_INT 0 0 0 0 0 0 0 0 0 0 0 0 0 0 0 0
3.400 200 SVINFO 0 0 0 0 0 0 0
3.501 200 WP_MOVED_ENU 8 -4887 -12894 512
3.603 200 SYS_MON 1954 1954 1954 0 0 0 2 0
3.604 200 GPS_INT 0 0 0 0 0 0 0 0 0 0 0 0 0 0 0 0
3.605 200 SVINFO 0 0 0 0 0 0 0
3.706 200 ROTORCRAFT_FP 0 0 0 0 0 0 0 0 0 0 0 512 0 0 0
3.911 200 ROTORCRAFT_NAV_STATUS 10 0 0. 0. 0 2 0
3.912 200 GPS_INT 0 0 0 0 0 0 0 0 0 0 0 0 0 0 0 0
3.913 200 SVINFO 0 0 0 0 0 0 0
3.913 200 DATALINK_REPORT 0 0 176 656 0
4.004 200 LINK_REPORT 200 0 4 0 2554 67 0 519. 15. 0 0.
4.014 200 ROTORCRAFT_FP 0 0 0 0 0 0 0 0 0 0 0 512 0 0 0
4.115 200 ROTORCRAFT_STATUS 0 0 2 0 0 13 0 0 4 5 0 10
4.116 200 GPS_INT 0 0 0 0 0 0 0 0 0 0 0 0 0 0 0 0
4.117 200 SVINFO 0 0 0 0 0 0 0
4.218 200 ROTORCRAFT_FP 0 0 0 0 0 0 0 0 0 0 0 512 0 0 0
4.423 200 GPS_INT 0 0 0 0 0 0 0 0 0 0 0 0 0 0 0 0
4.423 200 SVINFO 0 0 0 0 0 0 0
4.525 200 DL_VALUE 9 0.
4.527 200 ROTORCRAFT_FP 0 0 0 0 0 0 0 0 0 0 0 512 0 0 0
4.627 200 SYS_MON 1954 1954 1954 0 0 0 2 0
4.629 200 GPS_INT 0 0 0 0 0 0 0 0 0 0 0 0 0 0 0 0
4.629 200 SVINFO 0 0 0 0 0 0 0
4.730 200 ALIVE 15,2,147,173,108,254,87,22,47,4,229,140,246,122,180,149
4.731 200 AUTOPILOT_VERSION 50401 v5.4.1_stable-4-ga603c8e
4.732 200 ROTORCRAFT_FP 0 0 0 0 0 0 0 0 0 0 0 512 0 0 0
4.733 200 WP_MOVED_ENU 9 1484 -2764 1280
4.936 200 GPS_INT 0 0 0 0 0 0 0 0 0 0 0 0 0 0 0 0
4.937 200 SVINFO 0 0 0 0 0 0 0
5.003 200 LINK_REPORT 200 0 5 0 3246 85 0 692. 18. 0 0.
5.037 200 ROTORCRAFT_FP 0 0 0 0 0 0 0 0 0 0 0 512 0 0 0
5.140 200 GPS_INT 0 0 0 0 0 0 0 0 0 0 0 0 0 0 0 0
5.141 200 SVINFO 0 0 0 0 0 0 0
5.243 200 ROTORCRAFT_FP 0 0 0 0 0 0 0 0 0 0 0 512 0 0 0
5.244 200 ROTORCRAFT_STATUS 0 0 2 0 0 13 0 0 4 5 0 11
5.345 200 GPS_INT 0 0 0 0 0 0 0 0 0 0 0 0 0 0 0 0
5.345 200 SVINFO 0 0 0 0 0 0 0
5.446 200 ROTORCRAFT_NAV_STATUS 11 0 0. 0. 0 2 0
5.448 200 ROTORCRAFT_FP 0 0 0 0 0 0 0 0 0 0 0 512 0 0 0
5.506 200 PONG 
5.525 200 DL_VALUE 10 -512.
5.531 200 SYS_MON 1954 1954 1954 0 0 0 2 0
5.579 200 GPS_INT 0 0 0 0 0 0 0 0 0 0 0 0 0 0 0 0
5.580 200 SVINFO 0 0 0 0 0 0 0
5.679 200 ROTORCRAFT_FP 0 0 0 0 0 0 0 0 0 0 0 512 0 0 0
5.830 200 GPS_INT 0 0 0 0 0 0 0 0 0 0 0 0 0 0 0 0
5.831 200 SVINFO 0 0 0 0 0 0 0
5.929 200 ROTORCRAFT_FP 0 0 0 0 0 0 0 0 0 0 0 512 0 0 0
6.004 200 LINK_REPORT 200 0 6 0 3952 103 0 706. 18. 0 3.92
6.061 200 WP_MOVED_ENU 0 10557 10949 1280
6.164 200 GPS_INT 0 0 0 0 0 0 0 0 0 0 0 0 0 0 0 0
6.165 200 SVINFO 0 0 0 0 0 0 0
6.266 200 ROTORCRAFT_FP 0 0 0 0 0 0 0 0 0 0 0 512 0 0 0
6.368 200 GPS_INT 0 0 0 0 0 0 0 0 0 0 0 0 0 0 0 0
6.369 200 SVINFO 0 0 0 0 0 0 0
6.470 200 ROTORCRAFT_STATUS 0 0 2 0 0 13 0 0 4 5 0 12
6.471 200 ROTORCRAFT_FP 0 0 0 0 0 0 0 0 0 0 0 512 0 0 0
6.676 200 GPS_INT 0 0 0 0 0 0 0 0 0 0 0 0 0 0 0 0
6.677 200 SVINFO 0 0 0 0 0 0 0
6.678 200 DL_VALUE 11 1.
6.778 200 ROTORCRAFT_FP 0 0 0 0 0 0 0 0 0 0 0 512 0 0 0
6.779 200 ALIVE 15,2,147,173,108,254,87,22,47,4,229,140,246,122,180,149
6.881 200 GPS_INT 0 0 0 0 0 0 0 0 0 0 0 0 0 0 0 0
6.881 200 SVINFO 0 0 0 0 0 0 0
6.986 200 ROTORCRAFT_FP 0 0 0 0 0 0 0 0 0 0 0 512 0 0 0
7.005 200 LINK_REPORT 200 0 7 0 4588 119 0 636. 16. 0 3.92
7.085 200 ROTORCRAFT_NAV_STATUS 13 0 0. 0. 0 2 0
7.086 200 GPS_INT 0 0 0 0 0 0 0 0 0 0 0 0 0 0 0 0
7.087 200 SVINFO 0 0 0 0 0 0 0
7.192 200 ROTORCRAFT_FP 0 0 0 0 0 0 0 0 0 0 0 512 0 0 0
7.392 200 WP_MOVED_ENU 1 0 0 1280
7.394 200 GPS_INT 0 0 0 0 0 0 0 0 0 0 0 0 0 0 0 0
7.395 200 SVINFO 0 0 0 0 0 0 0
7.495 200 ROTORCRAFT_FP 0 0 0 0 0 0 0 0 0 0 0 512 0 0 0
7.596 200 SYS_MON 1954 977 2931 1 0 977 1 0
7.598 200 GPS_INT 0 0 0 0 0 0 0 0 0 0 0 0 0 0 0 0
7.600 200 SVINFO 0 0 0 0 0 0 0
7.699 200 ROTORCRAFT_STATUS 0 0 2 0 0 13 0 0 4 5 0 14
7.700 200 ROTORCRAFT_FP 0 0 0 0 0 0 0 0 0 0 0 512 0 0 0
7.801 200 DL_VALUE 12 5.
7.905 200 GPS_INT 0 0 0 0 0 0 0 0 0 0 0 0 0 0 0 0
7.906 200 SVINFO 0 0 0 0 0 0 0
8.006 200 LINK_REPORT 200 0 8 0 5179 135 0 591. 16. 0 3.92
8.007 200 ROTORCRAFT_FP 0 0 0 0 0 0 0 0 0 0 0 512 0 0 0
8.110 200 GPS_INT 0 0 0 0 0 0 0 0 0 0 0 0 0 0 0 0
8.110 200 SVINFO 0 0 0 0 0 0 0
8.212 200 ROTORCRAFT_FP 0 0 0 0 0 0 0 0 0 0 0 512 0 0 0
8.410 200 GPS_INT 0 0 0 0 0 0 0 0 0 0 0 0 0 0 0 0
8.411 200 SVINFO 0 0 0 0 0 0 0
8.519 200 ROTORCRAFT_FP 0 0 0 0 0 0 0 0 0 0 0 512 0 0 0
8.614 200 SYS_MON 1954 1954 1954 0 0 0 2 0
8.615 200 GPS_INT 0 0 0 0 0 0 0 0 0 0 0 0 0 0 0 0
8.616 200 SVINFO 0 0 0 0 0 0 0
8.617 200 WP_MOVED_ENU 2 -23 1280 1280
8.723 200 ROTORCRAFT_NAV_STATUS 15 0 0. 0. 0 2 0
8.724 200 ROTORCRAFT_FP 0 0 0 0 0 0 0 0 0 0 0 512 0 0 0
8.826 200 ROTORCRAFT_STATUS 0 0 2 0 0 13 0 0 4 5 0 15
8.929 200 DL_VALUE 13 0.
8.930 200 ALIVE 15,2,147,173,108,254,87,22,47,4,229,140,246,122,180,149
8.932 200 GPS_INT 0 0 0 0 0 0 0 0 0 0 0 0 0 0 0 0
8.933 200 SVINFO 0 0 0 0 0 0 0
9.006 200 LINK_REPORT 200 0 9 0 5857 153 0 678. 18. 0 3.92
9.031 200 ROTORCRAFT_FP 0 0 0 0 0 0 0 0 0 0 0 512 0 0 0
9.032 200 DATALINK_REPORT 0 0 265 666 0
9.133 200 GPS_INT 0 0 0 0 0 0 0 0 0 0 0 0 0 0 0 0
9.134 200 SVINFO 0 0 0 0 0 0 0
9.236 200 ROTORCRAFT_FP 0 0 0 0 0 0 0 0 0 0 0 512 0 0 0
9.331 200 GPS_INT 0 0 0 0 0 0 0 0 0 0 0 0 0 0 0 0
9.333 200 SVINFO 0 0 0 0 0 0 0
9.441 200 ROTORCRAFT_FP 0 0 0 0 0 0 0 0 0 0 0 512 0 0 0
9.542 200 SYS_MON 1954 1954 1954 0 0 0 2 0
9.646 200 GPS_INT 0 0 0 0 0 0 0 0 0 0 0 0 0 0 0 0
9.647 200 SVINFO 0 0 0 0 0 0 0
9.748 200 ROTORCRAFT_FP 0 0 0 0 0 0 0 0 0 0 0 512 0 0 0
9.850 200 GPS_INT 0 0 0 0 0 0 0 0 0 0 0 0 0 0 0 0
9.851 200 SVINFO 0 0 0 0 0 0 0
9.952 200 WP_MOVED_ENU 3 -488 -1290 1280
9.953 200 DL_VALUE 14 0.5
9.954 200 ROTORCRAFT_FP 0 0 0 0 0 0 0 0 0 0 0 512 0 0 0
10.008 200 LINK_REPORT 200 0 10 0 6547 170 0 690. 17. 0 3.92
10.055 200 ROTORCRAFT_STATUS 0 0 2 0 0 13 0 0 4 5 0 16
10.151 200 GPS_INT 0 0 0 0 0 0 0 0 0 0 0 0 0 0 0 0
10.151 200 SVINFO 0 0 0 0 0 0 0
10.259 200 ROTORCRAFT_FP 0 0 0 0 0 0 0 0 0 0 0 512 0 0 0
10.260 200 ROTORCRAFT_NAV_STATUS 16 0 0. 0. 0 2 0
10.362 200 GPS_INT 0 0 0 0 0 0 0 0 0 0 0 0 0 0 0 0
10.363 200 SVINFO 0 0 0 0 0 0 0
10.465 200 ROTORCRAFT_FP 0 0 0 0 0 0 0 0 0 0 0 512 0 0 0
10.566 200 SYS_MON 1954 1954 1954 0 0 0 2 0
10.668 200 PONG 
10.671 200 GPS_INT 0 0 0 0 0 0 0 0 0 0 0 0 0 0 0 0
10.671 200 SVINFO 0 0 0 0 0 0 0
10.766 200 ROTORCRAFT_FP 0 0 0 0 0 0 0 0 0 0 0 512 0 0 0
10.875 200 GPS_INT 0 0 0 0 0 0 0 0 0 0 0 0 0 0 0 0
10.876 200 SVINFO 0 0 0 0 0 0 0
10.977 200 ALIVE 15,2,147,173,108,254,87,22,47,4,229,140,246,122,180,149
10.978 200 ROTORCRAFT_FP 0 0 0 0 0 0 0 0 0 0 0 512 0 0 0
11.008 200 LINK_REPORT 200 0 11 0 7201 187 0 654. 17. 0 165.71
11.078 200 DL_VALUE 15 1.169371
11.182 200 GPS_INT 0 0 0 0 0 0 0 0 0 0 0 0 0 0 0 0
11.182 200 SVINFO 0 0 0 0 0 0 0
11.284 200 ROTORCRAFT_FP 0 0 0 0 0 0 0 0 0 0 0 512 0 0 0
11.284 200 WP_MOVED_ENU 4 985 -3543 1280
11.286 200 ROTORCRAFT_STATUS 0 0 2 0 0 13 0 0 4 5 0 17
11.386 200 GPS_INT 0 0 0 0 0 0 0 0 0 0 0 0 0 0 0 0
11.387 200 SVINFO 0 0 0 0 0 0 0
11.491 200 ROTORCRAFT_FP 0 0 0 0 0 0 0 0 0 0 0 512 0 0 0
11.591 200 SYS_MON 1954 1954 1954 0 0 0 2 0
11.592 200 GPS_INT 0 0 0 0 0 0 0 0 0 0 0 0 0 0 0 0
11.593 200 SVINFO 0 0 0 0 0 0 0
11.693 200 ROTORCRAFT_FP 0 0 0 0 0 0 0 0 0 0 0 512 0 0 0
11.898 200 ROTORCRAFT_NAV_STATUS 18 0 0. 0. 0 2 0
11.899 200 GPS_INT 0 0 0 0 0 0 0 0 0 0 0 0 0 0 0 0
11.900 200 SVINFO 0 0 0 0 0 0 0
12.000 200 ROTORCRAFT_FP 0 0 0 0 0 0 0 0 0 0 0 512 0 0 0
12.009 200 LINK_REPORT 200 0 12 0 7856 204 0 655. 17. 0 165.71
12.103 200 GPS_INT 0 0 0 0 0 0 0 0 0 0 0 0 0 0 0 0
12.103 200 SVINFO 0 0 0 0 0 0 0
12.200 200 ROTORCRAFT_FP 0 0 0 0 0 0 0 0 0 0 0 512 0 0 0
12.404 200 GPS_INT 0 0 0 0 0 0 0 0 0 0 0 0 0 0 0 0
12.404 200 SVINFO 0 0 0 0 0 0 0
12.513 200 ROTORCRAFT_STATUS 0 0 2 0 0 13 0 0 4 5 0 18
12.514 200 ROTORCRAFT_FP 0 0 0 0 0 0 0 0 0 0 0 512 0 0 0
12.614 200 WP_MOVED_ENU 5 7265 -12211 1280
12.615 200 SYS_MON 1954 1954 1954 0 0 0 2 0
12.617 200 GPS_INT 0 0 0 0 0 0 0 0 0 0 0 0 0 0 0 0
12.617 200 SVINFO 0 0 0 0 0 0 0
12.717 200 ROTORCRAFT_FP 0 0 0 0 0 0 0 0 0 0 0 512 0 0 0
12.922 200 GPS_INT 0 0 0 0 0 0 0 0 0 0 0 0 0 0 0 0
12.922 200 SVINFO 0 0 0 0 0 0 0
13.009 200 LINK_REPORT 200 0 13 0 8415 218 0 559. 14. 0 165.71
13.025 200 ROTORCRAFT_FP 0 0 0 0 0 0 0 0 0 0 0 512 0 0 0
13.025 200 ALIVE 15,2,147,173,108,254,87,22,47,4,229,140,246,122,180,149
13.127 200 GPS_INT 0 0 0 0 0 0 0 0 0 0 0 0 0 0 0 0
13.127 200 SVINFO 0 0 0 0 0 0 0
13.224 200 DL_VALUE 17 7.
13.331 200 GPS_INT 0 0 0 0 0 0 0 0 0 0 0 0 0 0 0 0
13.332 200 SVINFO 0 0 0 0 0 0 0
13.486 200 WIND_INFO 200 42 0. 0. 0.
13.527 200 SYS_MON 1954 1954 1954 0 0 0 2 0
13.633 200 GPS_INT 0 0 0 0 0 0 0 0 0 0 0 0 0 0 0 0
13.633 200 SVINFO 0 0 0 0 0 0 0
13.674 200 ROTORCRAFT_FP 0 0 0 0 0 0 0 0 0 0 0 512 0 0 0
13.837 200 WP_MOVED_ENU 6 4367 -4940 1280
13.838 200 GPS_INT 0 0 0 0 0 0 0 0 0 0 0 0 0 0 0 0
13.839 200 SVINFO 0 0 0 0 0 0 0
13.924 200 ROTORCRAFT_FP 0 0 0 0 0 0 0 0 0 0 0 512 0 0 0
14.010 200 LINK_REPORT 200 0 14 0 8985 233 0 570. 15. 0 165.71
14.042 200 DATALINK_REPORT 0 0 349 636 0
14.150 200 GPS_INT 0 0 0 0 0 0 0 0 0 0 0 0 0 0 0 0
14.152 200 SVINFO 0 0 0 0 0 0 0
14.253 200 ROTORCRAFT_FP 0 0 0 0 0 0 0 0 0 0 0 512 0 0 0
14.355 200 DL_VALUE 18 2.
14.356 200 GPS_INT 0 0 0 0 0 0 0 0 0 0 0 0 0 0 0 0
14.357 200 SVINFO 0 0 0 0 0 0 0
14.458 200 ROTORCRAFT_FP 0 0 0 0 0 0 0 0 0 0 0 512 0 0 0
14.560 200 SYS_MON 1954 1954 1954 0 0 0 2 0
14.657 200 GPS_INT 0 0 0 0 0 0 0 0 0 0 0 0 0 0 0 0
14.657 200 SVINFO 0 0 0 0 0 0 0
14.765 200 ROTORCRAFT_FP 0 0 0 0 0 0 0 0 0 0 0 512 0 0 0
14.861 200 ROTORCRAFT_STATUS 0 0 2 0 0 13 0 0 4 5 0 21
14.862 200 GPS_INT 0 0 0 0 0 0 0 0 0 0 0 0 0 0 0 0
14.863 200 SVINFO 0 0 0 0 0 0 0
14.970 200 ROTORCRAFT_FP 0 0 0 0 0 0 0 0 0 0 0 512 0 0 0
15.011 200 LINK_REPORT 200 0 15 0 9615 249 0 630. 16. 0 165.71
15.021 200 ROTORCRAFT_NAV_STATUS 21 0 0. 0. 0 2 0
15.074 200 GPS_INT 0 0 0 0 0 0 0 0 0 0 0 0 0 0 0 0
15.074 200 SVINFO 0 0 0 0 0 0 0
15.107 200 WP_MOVED_ENU 7 3696 -10355 1280
15.122 200 ALIVE 15,2,147,173,108,254,87,22,47,4,229,140,246,122,180,149
15.175 200 ROTORCRAFT_FP 0 0 0 0 0 0 0 0 0 0 0 512 0 0 0
15.323 200 GPS_INT 0 0 0 0 0 0 0 0 0 0 0 0 0 0 0 0
15.324 200 SVINFO 0 0 0 0 0 0 0
15.417 200 DL_VALUE 19 0.
15.423 200 ROTORCRAFT_FP 0 0 0 0 0 0 0 0 0 0 0 512 0 0 0
15.507 200 PONG 
15.573 200 GPS_INT 0 0 0 0 0 0 0 0 0 0 0 0 0 0 0 0
15.574 200 SVINFO 0 0 0 0 0 0 0
15.673 200 ROTORCRAFT_FP 0 0 0 0 0 0 0 0 0 0 0 512 0 0 0
15.784 200 AUTOPILOT_VERSION 50401 v5.4.1_stable-4-ga603c8e
15.823 200 GPS_INT 0 0 0 0 0 0 0 0 0 0 0 0 0 0 0 0
15.824 200 SVINFO 0 0 0 0 0 0 0
15.923 200 ROTORCRAFT_FP 0 0 0 0 0 0 0 0 0 0 0 512 0 0 0
16.011 200 ROTORCRAFT_STATUS 0 0 2 0 0 13 0 0 4 5 0 22
16.011 200 LINK_REPORT 200 0 16 0 10313 268 0 698. 19. 0 3.52
16.073 200 GPS_INT 0 0 0 0 0 0 0 0 0 0 0 0 0 0 0 0
16.073 200 SVINFO 0 0 0 0 0 0 0
16.172 200 ROTORCRAFT_FP 0 0 0 0 0 0 0 0 0 0 0 512 0 0 0
16.323 200 GPS_INT 0 0 0 0 0 0 0 0 0 0 0 0 0 0 0 0
16.328 200 SVINFO 0 0 0 0 0 0 0
16.405 200 WP_MOVED_ENU 8 -4887 -12894 512
16.423 200 ROTORCRAFT_FP 0 0 0 0 0 0 0 0 0 0 0 512 0 0 0
16.516 200 DL_VALUE 20 0.
16.526 200 SYS_MON 1954 1954 1954 0 0 0 2 0
16.572 200 GPS_INT 0 0 0 0 0 0 0 0 0 0 0 0 0 0 0 0
16.573 200 SVINFO 0 0 0 0 0 0 0
16.619 200 ROTORCRAFT_NAV_STATUS 23 0 0. 0. 0 2 0
16.673 200 ROTORCRAFT_FP 0 0 0 0 0 0 0 0 0 0 0 512 0 0 0
16.823 200 GPS_INT 0 0 0 0 0 0 0 0 0 0 0 0 0 0 0 0
16.824 200 SVINFO 0 0 0 0 0 0 0
16.923 200 ROTORCRAFT_FP 0 0 0 0 0 0 0 0 0 0 0 512 0 0 0
17.012 200 LINK_REPORT 200 0 17 0 10945 284 0 632. 16. 0 3.52
17.121 200 GPS_INT 0 0 0 0 0 0 0 0 0 0 0 0 0 0 0 0
17.121 200 SVINFO 0 0 0 0 0 0 0
17.223 200 ROTORCRAFT_FP 0 0 0 0 0 0 0 0 0 0 0 512 0 0 0
17.224 200 ROTORCRAFT_STATUS 0 0 2 0 0 13 0 0 4 5 0 23
17.325 200 ALIVE 15,2,147,173,108,254,87,22,47,4,229,140,246,122,180,149
17.429 200 GPS_INT 0 0 0 0 0 0 0 0 0 0 0 0 0 0 0 0
17.430 200 SVINFO 0 0 0 0 0 0 0
17.524 200 ROTORCRAFT_FP 0 0 0 0 0 0 0 0 0 0 0 512 0 0 0
17.525 200 SYS_MON 1954 977 2931 3 0 977 1 0
17.573 200 GPS_INT 0 0 0 0 0 0 0 0 0 0 0 0 0 0 0 0
17.573 200 SVINFO 0 0 0 0 0 0 0
17.615 200 DL_VALUE 21 0.
17.672 200 ROTORCRAFT_FP 0 0 0 0 0 0 0 0 0 0 0 512 0 0 0
17.703 200 WP_MOVED_ENU 9 1484 -2764 1280
17.823 200 GPS_INT 0 0 0 0 0 0 0 0 0 0 0 0 0 0 0 0
17.824 200 SVINFO 0 0 0 0 0 0 0
17.922 200 ROTORCRAFT_FP 0 0 0 0 0 0 0 0 0 0 0 512 0 0 0
18.013 200 LINK_REPORT 200 0 18 0 11602 301 0 657. 17. 0 3.52
18.144 200 GPS_INT 0 0 0 0 0 0 0 0 0 0 0 0 0 0 0 0
18.145 200 SVINFO 0 0 0 0 0 0 0
18.248 200 ROTORCRAFT_FP 0 0 0 0 0 0 0 0 0 0 0 512 0 0 0
18.249 200 ROTORCRAFT_NAV_STATUS 24 0 0. 0. 0 2 0
18.349 200 GPS_INT 0 0 0 0 0 0 0 0 0 0 0 0 0 0 0 0
18.350 200 SVINFO 0 0 0 0 0 0 0
18.452 200 ROTORCRAFT_STATUS 0 0 2 0 0 13 0 0 4 5 0 24
18.454 200 ROTORCRAFT_FP 0 0 0 0 0 0 0 0 0 0 0 512 0 0 0
18.554 200 SYS_MON 1954 1954 1954 0 0 0 2 0
18.657 200 GPS_INT 0 0 0 0 0 0 0 0 0 0 0 0 0 0 0 0
18.658 200 SVINFO 0 0 0 0 0 0 0
18.760 200 ROTORCRAFT_FP 0 0 0 0 0 0 0 0 0 0 0 512 0 0 0
18.760 200 DL_VALUE 22 0.
18.861 200 GPS_INT 0 0 0 0 0 0 0 0 0 0 0 0 0 0 0 0
18.862 200 SVINFO 0 0 0 0 0 0 0
18.964 200 ROTORCRAFT_FP 0 0 0 0 0 0 0 0 0 0 0 512 0 0 0
19.013 200 LINK_REPORT 200 0 19 0 12238 317 0 636. 16. 0 3.52
19.067 200 WP_MOVED_ENU 0 10557 10949 1280
19.169 200 GPS_INT 0 0 0 0 0 0 0 0 0 0 0 0 0 0 0 0
19.171 200 SVINFO 0 0 0 0 0 0 0
19.172 200 DATALINK_REPORT 0 0 437 660 0
19.271 200 ROTORCRAFT_FP 0 0 0 0 0 0 0 0 0 0 0 512 0 0 0
19.423 200 ROTORCRAFT_FP 0 0 0 0 0 0 0 0 0 0 0 512 0 0 0
19.578 200 SYS_MON 1954 1954 1954 0 0 0 2 0
19.580 200 GPS_INT 0 0 0 0 0 0 0 0 0 0 0 0 0 0 0 0
19.581 200 SVINFO 0 0 0 0 0 0 0
19.671 200 ROTORCRAFT_FP 0 0 0 0 0 0 0 0 0 0 0 512 0 0 0
19.674 200 ROTORCRAFT_STATUS 0 0 2 0 0 13 0 0 4 5 0 26
19.813 200 DL_VALUE 23 0.
19.817 200 ROTORCRAFT_NAV_STATUS 26 0 0. 0. 0 2 0
19.822 200 GPS_INT 0 0 0 0 0 0 0 0 0 0 0 0 0 0 0 0
19.822 200 SVINFO 0 0 0 0 0 0 0
19.988 200 ROTORCRAFT_FP 0 0 0 0 0 0 0 0 0 0 0 512 0 0 0
20.013 200 LINK_REPORT 200 0 20 0 12832 333 0 594. 16. 0 3.52
20.091 200 GPS_INT 0 0 0 0 0 0 0 0 0 0 0 0 0 0 0 0
20.091 200 SVINFO 0 0 0 0 0 0 0
20.193 200 ROTORCRAFT_FP 0 0 0 0 0 0 0 0 0 0 0 512 0 0 0
20.397 200 WP_MOVED_ENU 1 0 0 1280
20.399 200 GPS_INT 0 0 0 0 0 0 0 0 0 0 0 0 0 0 0 0
20.399 200 SVINFO 0 0 0 0 0 0 0
20.504 200 ROTORCRAFT_FP 0 0 0 0 0 0 0 0 0 0 0 512 0 0 0
20.602 200 PONG 
20.602 200 SYS_MON 1954 1954 1954 0 0 0 2 0
20.604 200 GPS_INT 0 0 0 0 0 0 0 0 0 0 0 0 0 0 0 0
20.605 200 SVINFO 0 0 0 0 0 0 0
20.704 200 ROTORCRAFT_FP 0 0 0 0 0 0 0 0 0 0 0 512 0 0 0
20.909 200 ROTORCRAFT_STATUS 0 0 2 0 0 13 0 0 4 5 0 27
20.911 200 GPS_INT 0 0 0 0 0 0 0 0 0 0 0 0 0 0 0 0
20.911 200 SVINFO 0 0 0 0 0 0 0
20.921 200 ROTORCRAFT_FP 0 0 0 0 0 0 0 0 0 0 0 512 0 0 0
21.011 200 DL_VALUE 24 149.
21.014 200 LINK_REPORT 200 0 21 0 13472 350 0 640. 17. 0 96.79
21.115 200 GPS_INT 0 0 0 0 0 0 0 0 0 0 0 0 0 0 0 0
21.116 200 SVINFO 0 0 0 0 0 0 0
21.217 200 ROTORCRAFT_FP 0 0 0 0 0 0 0 0 0 0 0 512 0 0 0
21.421 200 GPS_INT 0 0 0 0 0 0 0 0 0 0 0 0 0 0 0 0
21.422 200 SVINFO 0 0 0 0 0 0 0
21.524 200 ROTORCRAFT_NAV_STATUS 27 0 0. 0. 0 2 0
21.524 200 ALIVE 15,2,147,173,108,254,87,22,47,4,229,140,246,122,180,149
21.526 200 ROTORCRAFT_FP 0 0 0 0 0 0 0 0 0 0 0 512 0 0 0
21.626 200 SYS_MON 1954 1954 1954 0 0 0 2 0
21.627 200 GPS_INT 0 0 0 0 0 0 0 0 0 0 0 0 0 0 0 0
21.628 200 SVINFO 0 0 0 0 0 0 0
21.628 200 WP_MOVED_ENU 2 -23 1280 1280
21.729 200 ROTORCRAFT_FP 0 0 0 0 0 0 0 0 0 0 0 512 0 0 0
21.831 200 GPS_INT 0 0 0 0 0 0 0 0 0 0 0 0 0 0 0 0
21.832 200 SVINFO 0 0 0 0 0 0 0
21.934 200 ROTORCRAFT_FP 0 0 0 0 0 0 0 0 0 0 0 512 0 0 0
22.015 200 LINK_REPORT 200 0 22 0 14116 366 0 644. 16. 0 96.79
22.036 200 ROTORCRAFT_STATUS 0 0 2 0 0 13 0 0 4 5 0 28
22.037 200 DL_VALUE 25 0.
22.140 200 GPS_INT 0 0 0 0 0 0 0 0 0 0 0 0 0 0 0 0
22.140 200 SVINFO 0 0 0 0 0 0 0
22.241 200 ROTORCRAFT_FP 0 0 0 0 0 0 0 0 0 0 0 512 0 0 0
22.343 200 GPS_INT 0 0 0 0 0 0 0 0 0 0 0 0 0 0 0 0
22.344 200 SVINFO 0 0 0 0 0 0 0
22.445 200 ROTORCRAFT_FP 0 0 0 0 0 0 0 0 0 0 0 512 0 0 0
22.497 200 SETTING 3 200 1.
22.505 200 DL_VALUE 3 1.
22.522 200 SYS_MON 1954 1954 1954 0 0 0 2 0
22.594 200 GPS_INT 0 0 0 0 0 0 0 0 0 0 0 0 0 0 0 0
22.594 200 SVINFO 0 0 0 0 0 0 0
22.670 200 ROTORCRAFT_FP 0 0 0 0 0 0 0 0 0 0 0 512 0 0 0
22.820 200 GPS_INT 0 0 0 0 0 0 0 0 0 0 0 0 0 0 0 0
22.821 200 SVINFO 0 0 0 0 0 0 0
22.895 200 WP_MOVED_ENU 3 -488 -1290 1280
22.930 200 ROTORCRAFT_FP 0 0 0 0 0 0 0 0 0 0 0 512 0 0 0
23.015 200 ROTORCRAFT_NAV_STATUS 29 0 0. 0. 0 2 0
23.015 200 LINK_REPORT 200 0 23 0 14782 384 0 666. 18. 0 96.79
23.163 200 GPS_INT 0 0 0 0 0 0 0 0 0 0 0 0 0 0 0 0
23.163 200 SVINFO 0 0 0 0 0 0 0
23.164 200 DL_VALUE 26 5.
23.265 200 ROTORCRAFT_FP 0 0 0 0 0 0 0 0 0 0 0 512 0 0 0
23.265 200 ROTORCRAFT_STATUS 0 0 2 0 0 13 0 0 4 5 0 29
23.367 200 GPS_INT 0 0 0 0 0 0 0 0 0 0 0 0 0 0 0 0
23.368 200 SVINFO 0 0 0 0 0 0 0
23.463 200 ROTORCRAFT_FP 0 0 0 0 0 0 0 0 0 0 0 512 0 0 0
23.486 200 WIND_INFO 200 42 0. 0. 0.
23.523 200 ALIVE 15,2,147,173,108,254,87,22,47,4,229,140,246,122,180,149
23.524 200 SYS_MON 1954 1954 1954 0 0 0 2 0
23.570 200 GPS_INT 0 0 0 0 0 0 0 0 0 0 0 0 0 0 0 0
23.572 200 SVINFO 0 0 0 0 0 0 0
23.669 200 ROTORCRAFT_FP 0 0 0 0 0 0 0 0 0 0 0 512 0 0 0
23.819 200 GPS_INT 0 0 0 0 0 0 0 0 0 0 0 0 0 0 0 0
23.820 200 SVINFO 0 0 0 0 0 0 0
23.919 200 ROTORCRAFT_FP 0 0 0 0 0 0 0 0 0 0 0 512 0 0 0
24.016 200 LINK_REPORT 200 0 24 0 15420 400 0 638. 16. 0 96.79
24.085 200 GPS_INT 0 0 0 0 0 0 0 0 0 0 0 0 0 0 0 0
24.086 200 SVINFO 0 0 0 0 0 0 0
24.187 200 ROTORCRAFT_FP 0 0 0 0 0 0 0 0 0 0 0 512 0 0 0
24.288 200 WP_MOVED_ENU 4 985 -3543 1280
24.289 200 DL_VALUE 0 0.
24.290 200 DATALINK_REPORT 0 0 525 657 0
24.392 200 GPS_INT 0 0 0 0 0 0 0 0 0 0 0 0 0 0 0 0
24.392 200 SVINFO 0 0 0 0 0 0 0
24.494 200 ROTORCRAFT_STATUS 0 0 2 0 0 13 0 0 4 5 0 30
24.495 200 ROTORCRAFT_FP 0 0 0 0 0 0 0 0 0 0 0 512 0 0 0
24.562 200 BLOCK 3 200
24.569 200 GPS_INT 0 0 0 0 0 0 0 0 0 0 0 0 0 0 0 0
24.570 200 SVINFO 0 0 0 0 0 0 0
24.590 200 SYS_MON 1954 1954 1954 0 0 0 2 0
24.614 200 ROTORCRAFT_NAV_STATUS 0 0 0. 0. 3 1 3
24.669 200 ROTORCRAFT_FP 0 0 0 0 0 0 0 0 0 0 0 0 0 0 0
24.820 200 GPS_INT 0 0 0 0 0 0 0 0 0 0 0 0 0 0 0 0
24.821 200 SVINFO 0 0 0 0 0 0 0
24.918 200 ROTORCRAFT_FP 0 0 0 0 0 0 0 0 0 0 0 0 0 0 0
25.016 200 LINK_REPORT 200 0 25 0 16090 418 0 670. 18. 0 96.79
25.068 200 GPS_INT 0 0 0 0 0 0 0 0 0 0 0 0 0 0 0 0
25.069 200 SVINFO 0 0 0 0 0 0 0
25.211 200 ROTORCRAFT_FP 0 0 0 0 0 0 0 0 0 0 0 0 0 0 0
25.415 200 DL_VALUE 1 13.
25.416 200 GPS_INT 0 0 0 0 0 0 0 0 0 0 0 0 0 0 0 0
25.417 200 SVINFO 0 0 0 0 0 0 0
25.512 200 PONG 
25.512 200 ROTORCRAFT_FP 0 0 0 0 0 0 0 0 0 0 0 0 0 0 0
25.513 200 WP_MOVED_ENU 5 7265 -12211 1280
25.521 200 SYS_MON 1954 1954 1954 0 0 0 2 0
25.569 200 GPS_INT 0 0 0 0 0 0 0 0 0 0 0 0 0 0 0 0
25.569 200 SVINFO 0 0 0 0 0 0 0
25.599 200 ROTORCRAFT_STATUS 0 0 2 0 0 0 0 0 0 0 0 32
25.615 200 ALIVE 15,2,147,173,108,254,87,22,47,4,229,140,246,122,180,149
25.669 200 ROTORCRAFT_FP 0 0 0 0 0 0 0 0 0 0 0 0 0 0 0
25.819 200 GPS_INT 0 0 0 0 0 0 0 0 0 0 0 0 0 0 0 0
25.819 200 SVINFO 0 0 0 0 0 0 0
25.918 200 ROTORCRAFT_FP 0 0 0 0 0 0 0 0 0 0 0 0 0 0 0
26.018 200 LINK_REPORT 200 0 26 0 16753 436 0 663. 18. 0 3.76
26.132 200 GPS_INT 0 0 0 0 0 0 0 0 0 0 0 0 0 0 0 0
26.132 200 SVINFO 0 0 0 0 0 0 0
26.234 200 ROTORCRAFT_FP 0 0 0 0 0 0 0 0 0 0 0 0 0 0 0
26.235 200 ROTORCRAFT_NAV_STATUS 1 1 0. 0. 3 1 3
26.337 200 GPS_INT 0 0 0 0 0 0 0 0 0 0 0 0 0 0 0 0
26.337 200 SVINFO 0 0 0 0 0 0 0
26.438 200 DL_VALUE 2 1.
26.440 200 ROTORCRAFT_FP 0 0 0 0 0 0 0 0 0 0 0 0 0 0 0
26.541 200 SYS_MON 1954 1954 1954 0 0 0 2 0
26.644 200 GPS_INT 0 0 0 0 0 0 0 0 0 0 0 0 0 0 0 0
26.645 200 SVINFO 0 0 0 0 0 0 0
26.747 200 ROTORCRAFT_FP 0 0 0 0 0 0 0 0 0 0 0 0 0 0 0
26.848 200 WP_MOVED_ENU 6 4367 -4940 1280
26.850 200 ROTORCRAFT_STATUS 0 0 2 0 0 0 0 0 0 0 0 33
26.851 200 GPS_INT 0 0 0 0 0 0 0 0 0 0 0 0 0 0 0 0
26.851 200 SVINFO 0 0 0 0 0 0 0
26.853 200 AUTOPILOT_VERSION 50401 v5.4.1_stable-4-ga603c8e
26.951 200 ROTORCRAFT_FP 0 0 0 0 0 0 0 0 0 0 0 0 0 0 0
27.017 200 LINK_REPORT 200 0 27 0 17443 454 0 690. 18. 0 3.76
27.156 200 GPS_INT 0 0 0 0 0 0 0 0 0 0 0 0 0 0 0 0
27.157 200 SVINFO 0 0 0 0 0 0 0
27.259 200 ROTORCRAFT_FP 0 0 0 0 0 0 0 0 0 0 0 0 0 0 0
27.361 200 GPS_INT 0 0 0 0 0 0 0 0 0 0 0 0 0 0 0 0
27.362 200 SVINFO 0 0 0 0 0 0 0
27.463 200 ROTORCRAFT_FP 0 0 0 0 0 0 0 0 0 0 0 0 0 0 0
27.565 200 DL_VALUE 3 1.
27.566 200 SYS_MON 1954 977 2931 1 0 977 1 0
27.669 200 GPS_INT 0 0 0 0 0 0 0 0 0 0 0 0 0 0 0 0
27.670 200 SVINFO 0 0 0 0 0 0 0
27.771 200 ROTORCRAFT_FP 0 0 0 0 0 0 0 0 0 0 0 0 0 0 0
27.774 200 ALIVE 15,2,147,173,108,254,87,22,47,4,229,140,246,122,180,149
27.873 200 ROTORCRAFT_NAV_STATUS 3 3 0. 0. 3 1 3
27.874 200 GPS_INT 0 0 0 0 0 0 0 0 0 0 0 0 0 0 0 0
27.874 200 SVINFO 0 0 0 0 0 0 0
27.975 200 ROTORCRAFT_FP 0 0 0 0 0 0 0 0 0 0 0 0 0 0 0
28.018 200 LINK_REPORT 200 0 28 0 18079 470 0 636. 16. 0 3.76
28.078 200 ROTORCRAFT_STATUS 0 0 2 0 0 0 0 0 0 0 0 34
28.079 200 GPS_INT 0 0 0 0 0 0 0 0 0 0 0 0 0 0 0 0
28.079 200 SVINFO 0 0 0 0 0 0 0
28.180 200 WP_MOVED_ENU 7 3696 -10355 1280
28.181 200 ROTORCRAFT_FP 0 0 0 0 0 0 0 0 0 0 0 0 0 0 0
28.385 200 GPS_INT 0 0 0 0 0 0 0 0 0 0 0 0 0 0 0 0
28.386 200 SVINFO 0 0 0 0 0 0 0
28.589 200 SYS_MON 1954 1954 1954 0 0 0 2 0
28.590 200 GPS_INT 0 0 0 0 0 0 0 0 0 0 0 0 0 0 0 0
28.591 200 SVINFO 0 0 0 0 0 0 0
28.692 200 DL_VALUE 4 0.
28.693 200 ROTORCRAFT_FP 0 0 0 0 0 0 0 0 0 0 0 0 0 0 0
28.897 200 GPS_INT 0 0 0 0 0 0 0 0 0 0 0 0 0 0 0 0
28.897 200 SVINFO 0 0 0 0 0 0 0
29.000 200 ROTORCRAFT_FP 0 0 0 0 0 0 0 0 0 0 0 0 0 0 0
29.018 200 LINK_REPORT 200 0 29 0 18649 485 0 570. 15. 0 3.76
29.102 200 GPS_INT 0 0 0 0 0 0 0 0 0 0 0 0 0 0 0 0
29.103 200 SVINFO 0 0 0 0 0 0 0
29.204 200 ROTORCRAFT_FP 0 0 0 0 0 0 0 0 0 0 0 0 0 0 0
29.205 200 ROTORCRAFT_STATUS 0 0 2 0 0 0 0 0 0 0 0 35
29.409 200 GPS_INT 0 0 0 0 0 0 0 0 0 0 0 0 0 0 0 0
29.410 200 SVINFO 0 0 0 0 0 0 0
29.411 200 DATALINK_REPORT 0 0 612 658 0
29.411 200 WP_MOVED_ENU 8 -4887 -12894 512
29.517 200 ROTORCRAFT_NAV_STATUS 4 4 0. 0. 3 1 3
29.517 200 ROTORCRAFT_FP 0 0 0 0 0 0 0 0 0 0 0 0 0 0 0
29.613 200 SYS_MON 1954 1954 1954 0 0 0 2 0
29.615 200 GPS_INT 0 0 0 0 0 0 0 0 0 0 0 0 0 0 0 0
29.615 200 SVINFO 0 0 0 0 0 0 0
29.716 200 ROTORCRAFT_FP 0 0 0 0 0 0 0 0 0 0 0 0 0 0 0
29.717 200 DL_VALUE 5 425.
29.921 200 ALIVE 15,2,147,173,108,254,87,22,47,4,229,140,246,122,180,149
29.922 200 GPS_INT 0 0 0 0 0 0 0 0 0 0 0 0 0 0 0 0
29.923 200 SVINFO 0 0 0 0 0 0 0
30.020 200 LINK_REPORT 200 0 30 0 19278 503 0 629. 18. 0 3.76
30.024 200 ROTORCRAFT_FP 0 0 0 0 0 0 0 0 0 0 0 0 0 0 0
30.126 200 GPS_INT 0 0 0 0 0 0 0 0 0 0 0 0 0 0 0 0
30.127 200 SVINFO 0 0 0 0 0 0 0
30.228 200 ROTORCRAFT_FP 0 0 0 0 0 0 0 0 0 0 0 0 0 0 0
30.331 200 GPS_INT 0 0 0 0 0 0 0 0 0 0 0 0 0 0 0 0
30.332 200 SVINFO 0 0 0 0 0 0 0
30.434 200 ROTORCRAFT_STATUS 0 0 2 0 0 0 0 0 0 0 0 36
30.435 200 ROTORCRAFT_FP 0 0 0 0 0 0 0 0 0 0 0 0 0 0 0
30.516 200 PONG 
30.518 200 SYS_MON 1954 1954 1954 0 0 0 2 0
30.566 200 GPS_INT 0 0 0 0 0 0 0 0 0 0 0 0 0 0 0 0
30.566 200 SVINFO 0 0 0 0 0 0 0
30.666 200 ROTORCRAFT_FP 0 0 0 0 0 0 0 0 0 0 0 0 0 0 0
30.684 200 WP_MOVED_ENU 9 1484 -2764 1280
30.804 200 DL_VALUE 6 200.
30.816 200 GPS_INT 0 0 0 0 0 0 0 0 0 0 0 0 0 0 0 0
30.817 200 SVINFO 0 0 0 0 0 0 0
30.915 200 ROTORCRAFT_FP 0 0 0 0 0 0 0 0 0 0 0 0 0 0 0
31.015 200 ROTORCRAFT_NAV_STATUS 6 6 0. 0. 3 1 3
31.020 200 LINK_REPORT 200 0 31 0 20003 522 0 725. 19. 0 4.17
31.149 200 GPS_INT 0 0 0 0 0 0 0 0 0 0 0 0 0 0 0 0
31.150 200 SVINFO 0 0 0 0 0 0 0
31.252 200 ROTORCRAFT_FP 0 0 0 0 0 0 0 0 0 0 0 0 0 0 0
31.355 200 GPS_INT 0 0 0 0 0 0 0 0 0 0 0 0 0 0 0 0
31.355 200 SVINFO 0 0 0 0 0 0 0
31.451 200 ROTORCRAFT_FP 0 0 0 0 0 0 0 0 0 0 0 0 0 0 0
31.518 200 SYS_MON 1954 1954 1954 0 0 0 2 0
31.566 200 GPS_INT 0 0 0 0 0 0 0 0 0 0 0 0 0 0 0 0
31.567 200 SVINFO 0 0 0 0 0 0 0
31.592 200 ROTORCRAFT_STATUS 0 0 2 0 0 0 0 0 0 0 0 38
31.665 200 ROTORCRAFT_FP 0 0 0 0 0 0 0 0 0 0 0 0 0 0 0
31.815 200 GPS_INT 0 0 0 0 0 0 0 0 0 0 0 0 0 0 0 0
31.816 200 SVINFO 0 0 0 0 0 0 0
31.902 200 DL_VALUE 7 125.
31.910 200 ALIVE 15,2,147,173,108,254,87,22,47,4,229,140,246,122,180,149
31.916 200 ROTORCRAFT_FP 0 0 0 0 0 0 0 0 0 0 0 0 0 0 0
32.021 200 LINK_REPORT 200 0 32 0 20641 538 0 638. 16. 0 4.17
32.071 200 WP_MOVED_ENU 0 10557 10949 1280
32.072 200 GPS_INT 0 0 0 0 0 0 0 0 0 0 0 0 0 0 0 0
32.072 200 SVINFO 0 0 0 0 0 0 0
32.175 200 ROTORCRAFT_FP 0 0 0 0 0 0 0 0 0 0 0 0 0 0 0
32.379 200 GPS_INT 0 0 0 0 0 0 0 0 0 0 0 0 0 0 0 0
32.379 200 SVINFO 0 0 0 0 0 0 0
32.482 200 ROTORCRAFT_FP 0 0 0 0 0 0 0 0 0 0 0 0 0 0 0
32.583 200 SYS_MON 1954 1954 1954 0 0 0 2 0
32.585 200 GPS_INT 0 0 0 0 0 0 0 0 0 0 0 0 0 0 0 0
32.585 200 SVINFO 0 0 0 0 0 0 0
32.686 200 ROTORCRAFT_NAV_STATUS 8 8 0. 0. 3 1 3
32.687 200 ROTORCRAFT_FP 0 0 0 0 0 0 0 0 0 0 0 0 0 0 0
32.890 200 ROTORCRAFT_STATUS 0 0 2 0 0 0 0 0 0 0 0 39
32.892 200 GPS_INT 0 0 0 0 0 0 0 0 0 0 0 0 0 0 0 0
32.892 200 SVINFO 0 0 0 0 0 0 0
32.993 200 ROTORCRAFT_FP 0 0 0 0 0 0 0 0 0 0 0 0 0 0 0
33.021 200 LINK_REPORT 200 0 33 0 21285 554 0 644. 16. 0 4.17
33.095 200 DL_VALUE 8 0.5
33.097 200 GPS_INT 0 0 0 0 0 0 0 0 0 0 0 0 0 0 0 0
33.099 200 SVINFO 0 0 0 0 0 0 0
33.198 200 ROTORCRAFT_FP 0 0 0 0 0 0 0 0 0 0 0 0 0 0 0
33.300 200 WP_MOVED_ENU 1 0 0 1280
33.403 200 GPS_INT 0 0 0 0 0 0 0 0 0 0 0 0 0 0 0 0
33.404 200 SVINFO 0 0 0 0 0 0 0
33.486 200 WIND_INFO 200 42 0. 0. 0.
33.499 200 ROTORCRAFT_FP 0 0 0 0 0 0 0 0 0 0 0 0 0 0 0
33.518 200 SYS_MON 1954 1954 1954 0 0 0 2 0
33.564 200 GPS_INT 0 0 0 0 0 0 0 0 0 0 0 0 0 0 0 0
33.565 200 SVINFO 0 0 0 0 0 0 0
33.704 200 ROTORCRAFT_FP 0 0 0 0 0 0 0 0 0 0 0 0 0 0 0
33.814 200 GPS_INT 0 0 0 0 0 0 0 0 0 0 0 0 0 0 0 0
33.815 200 SVINFO 0 0 0 0 0 0 0
33.915 200 ROTORCRAFT_FP 0 0 0 0 0 0 0 0 0 0 0 0 0 0 0
33.989 200 ROTORCRAFT_STATUS 0 0 2 0 0 0 0 0 0 0 0 40
34.020 200 ALIVE 15,2,147,173,108,254,87,22,47,4,229,140,246,122,180,149
34.022 200 LINK_REPORT 200 0 34 0 21942 571 0 657. 17. 0 4.17
34.120 200 GPS_INT 0 0 0 0 0 0 0 0 0 0 0 0 0 0 0 0
34.121 200 SVINFO 0 0 0 0 0 0 0
34.121 200 DL_VALUE 9 0.
34.221 200 ROTORCRAFT_FP 0 0 0 0 0 0 0 0 0 0 0 0 0 0 0
34.222 200 ROTORCRAFT_NAV_STATUS 9 9 0. 0. 3 1 3
34.324 200 GPS_INT 0 0 0 0 0 0 0 0 0 0 0 0 0 0 0 0
34.324 200 SVINFO 0 0 0 0 0 0 0
34.426 200 ROTORCRAFT_FP 0 0 0 0 0 0 0 0 0 0 0 0 0 0 0
34.427 200 DATALINK_REPORT 0 0 700 659 0
34.529 200 SYS_MON 1954 1954 1954 0 0 0 2 0
34.632 200 GPS_INT 0 0 0 0 0 0 0 0 0 0 0 0 0 0 0 0
34.632 200 SVINFO 0 0 0 0 0 0 0
34.633 200 WP_MOVED_ENU 2 -23 1280 1280
34.735 200 ROTORCRAFT_FP 0 0 0 0 0 0 0 0 0 0 0 0 0 0 0
34.837 200 GPS_INT 0 0 0 0 0 0 0 0 0 0 0 0 0 0 0 0
34.837 200 SVINFO 0 0 0 0 0 0 0
34.939 200 ROTORCRAFT_FP 0 0 0 0 0 0 0 0 0 0 0 0 0 0 0
35.021 200 LINK_REPORT 200 0 35 0 22589 588 0 647. 17. 0 4.17
35.144 200 GPS_INT 0 0 0 0 0 0 0 0 0 0 0 0 0 0 0 0
35.144 200 SVINFO 0 0 0 0 0 0 0
35.246 200 ROTORCRAFT_FP 0 0 0 0 0 0 0 0 0 0 0 0 0 0 0
35.247 200 ROTORCRAFT_STATUS 0 0 2 0 0 0 0 0 0 0 0 41
35.248 200 DL_VALUE 10 0.
35.349 200 GPS_INT 0 0 0 0 0 0 0 0 0 0 0 0 0 0 0 0
35.349 200 SVINFO 0 0 0 0 0 0 0
35.451 200 ROTORCRAFT_FP 0 0 0 0 0 0 0 0 0 0 0 0 0 0 0
35.511 200 PONG 
35.519 200 SYS_MON 1954 1954 1954 0 0 0 2 0
35.563 200 GPS_INT 0 0 0 0 0 0 0 0 0 0 0 0 0 0 0 0
35.563 200 SVINFO 0 0 0 0 0 0 0
35.663 200 ROTORCRAFT_FP 0 0 0 0 0 0 0 0 0 0 0 0 0 0 0
35.808 200 ROTORCRAFT_NAV_STATUS 11 11 0. 0. 3 1 3
35.813 200 GPS_INT 0 0 0 0 0 0 0 0 0 0 0 0 0 0 0 0
35.814 200 SVINFO 0 0 0 0 0 0 0
35.878 200 WP_MOVED_ENU 3 -488 -1290 1280
35.913 200 ROTORCRAFT_FP 0 0 0 0 0 0 0 0 0 0 0 0 0 0 0
36.022 200 LINK_REPORT 200 0 36 0 23250 606 0 661. 18. 0 4.76
36.168 200 GPS_INT 0 0 0 0 0 0 0 0 0 0 0 0 0 0 0 0
36.169 200 SVINFO 0 0 0 0 0 0 0
36.170 200 ALIVE 15,2,147,173,108,254,87,22,47,4,229,140,246,122,180,149
36.270 200 ROTORCRAFT_FP 0 0 0 0 0 0 0 0 0 0 0 0 0 0 0
36.372 200 DL_VALUE 11 1.
36.374 200 GPS_INT 0 0 0 0 0 0 0 0 0 0 0 0 0 0 0 0
36.374 200 SVINFO 0 0 0 0 0 0 0
36.474 200 ROTORCRAFT_STATUS 0 0 2 0 0 0 0 0 0 0 0 42
36.475 200 ROTORCRAFT_FP 0 0 0 0 0 0 0 0 0 0 0 0 0 0 0
36.577 200 SYS_MON 1954 1954 1954 0 0 0 2 0
36.578 200 GPS_INT 0 0 0 0 0 0 0 0 0 0 0 0 0 0 0 0
36.579 200 SVINFO 0 0 0 0 0 0 0
36.680 200 ROTORCRAFT_FP 0 0 0 0 0 0 0 0 0 0 0 0 0 0 0
36.885 200 GPS_INT 0 0 0 0 0 0 0 0 0 0 0 0 0 0 0 0
36.885 200 SVINFO 0 0 0 0 0 0 0
36.987 200 ROTORCRAFT_FP 0 0 0 0 0 0 0 0 0 0 0 0 0 0 0
37.023 200 LINK_REPORT 200 0 37 0 23888 622 0 638. 16. 0 4.76
37.089 200 GPS_INT 0 0 0 0 0 0 0 0 0 0 0 0 0 0 0 0
37.089 200 SVINFO 0 0 0 0 0 0 0
37.192 200 ROTORCRAFT_FP 0 0 0 0 0 0 0 0 0 0 0 0 0 0 0
37.397 200 GPS_INT 0 0 0 0 0 0 0 0 0 0 0 0 0 0 0 0
37.397 200 SVINFO 0 0 0 0 0 0 0
37.498 200 DL_VALUE 12 5.
37.499 200 ROTORCRAFT_NAV_STATUS 12 12 0. 0. 3 1 3
37.501 200 ROTORCRAFT_FP 0 0 0 0 0 0 0 0 0 0 0 0 0 0 0
37.601 200 SYS_MON 1954 1954 1954 0 0 0 2 0
37.602 200 GPS_INT 0 0 0 0 0 0 0 0 0 0 0 0 0 0 0 0
37.603 200 SVINFO 0 0 0 0 0 0 0
37.604 200 ROTORCRAFT_STATUS 0 0 2 0 0 0 0 0 0 0 0 44
37.704 200 ROTORCRAFT_FP 0 0 0 0 0 0 0 0 0 0 0 0 0 0 0
37.909 200 GPS_INT 0 0 0 0 0 0 0 0 0 0 0 0 0 0 0 0
37.910 200 SVINFO 0 0 0 0 0 0 0
38.010 200 ROTORCRAFT_FP 0 0 0 0 0 0 0 0 0 0 0 0 0 0 0
38.012 200 AUTOPILOT_VERSION 50401 v5.4.1_stable-4-ga603c8e
38.025 200 LINK_REPORT 200 0 38 0 24559 639 0 671. 17. 0 4.76
38.113 200 GPS_INT 0 0 0 0 0 0 0 0 0 0 0 0 0 0 0 0
38.114 200 SVINFO 0 0 0 0 0 0 0
38.215 200 ROTORCRAFT_FP 0 0 0 0 0 0 0 0 0 0 0 0 0 0 0
38.216 200 ALIVE 15,2,147,173,108,254,87,22,47,4,229,140,246,122,180,149
38.421 200 GPS_INT 0 0 0 0 0 0 0 0 0 0 0 0 0 0 0 0
38.421 200 SVINFO 0 0 0 0 0 0 0
38.423 200 ROTORCRAFT_FP 0 0 0 0 0 0 0 0 0 0 0 0 0 0 0
38.522 200 WP_MOVED_ENU 5 7265 -12211 1280
38.523 200 DL_VALUE 13 0.
38.524 200 SYS_MON 1954 1954 1954 0 0 0 2 0
38.626 200 GPS_INT 0 0 0 0 0 0 0 0 0 0 0 0 0 0 0 0
38.627 200 SVINFO 0 0 0 0 0 0 0
38.728 200 ROTORCRAFT_FP 0 0 0 0 0 0 0 0 0 0 0 0 0 0 0
38.830 200 ROTORCRAFT_STATUS 0 0 2 0 0 0 0 0 0 0 0 45
38.831 200 GPS_INT 0 0 0 0 0 0 0 0 0 0 0 0 0 0 0 0
38.832 200 SVINFO 0 0 0 0 0 0 0
38.933 200 ROTORCRAFT_FP 0 0 0 0 0 0 0 0 0 0 0 0 0 0 0
39.027 200 LINK_REPORT 200 0 39 0 25216 656 0 657. 17. 0 4.76
39.035 200 ROTORCRAFT_NAV_STATUS 14 14 0. 0. 3 1 3
39.138 200 GPS_INT 0 0 0 0 0 0 0 0 0 0 0 0 0 0 0 0
39.138 200 SVINFO 0 0 0 0 0 0 0
39.240 200 ROTORCRAFT_FP 0 0 0 0 0 0 0 0 0 0 0 0 0 0 0
39.343 200 GPS_INT 0 0 0 0 0 0 0 0 0 0 0 0 0 0 0 0
39.344 200 SVINFO 0 0 0 0 0 0 0
39.445 200 ROTORCRAFT_FP 0 0 0 0 0 0 0 0 0 0 0 0 0 0 0
39.546 200 DATALINK_REPORT 0 0 785 643 0
39.547 200 SYS_MON 1954 1954 1954 0 0 0 2 0
39.649 200 GPS_INT 0 0 0 0 0 0 0 0 0 0 0 0 0 0 0 0
39.650 200 SVINFO 0 0 0 0 0 0 0
39.651 200 DL_VALUE 14 0.5
39.752 200 ROTORCRAFT_FP 0 0 0 0 0 0 0 0 0 0 0 0 0 0 0
39.854 200 WP_MOVED_ENU 6 4367 -4940 1280
39.855 200 GPS_INT 0 0 0 0 0 0 0 0 0 0 0 0 0 0 0 0
39.856 200 SVINFO 0 0 0 0 0 0 0
39.957 200 ROTORCRAFT_FP 0 0 0 0 0 0 0 0 0 0 0 0 0 0 0
40.026 200 LINK_REPORT 200 0 40 0 25863 673 0 647. 17. 0 4.76
40.058 200 ROTORCRAFT_STATUS 0 0 2 0 0 0 0 0 0 0 0 46
40.161 200 GPS_INT 0 0 0 0 0 0 0 0 0 0 0 0 0 0 0 0
40.162 200 SVINFO 0 0 0 0 0 0 0
40.265 200 ROTORCRAFT_FP 0 0 0 0 0 0 0 0 0 0 0 0 0 0 0
40.367 200 ALIVE 15,2,147,173,108,254,87,22,47,4,229,140,246,122,180,149
40.368 200 GPS_INT 0 0 0 0 0 0 0 0 0 0 0 0 0 0 0 0
40.369 200 SVINFO 0 0 0 0 0 0 0
40.469 200 ROTORCRAFT_FP 0 0 0 0 0 0 0 0 0 0 0 0 0 0 0
40.511 200 PONG 
40.513 200 SYS_MON 1954 1954 1954 0 0 0 2 0
40.561 200 GPS_INT 0 0 0 0 0 0 0 0 0 0 0 0 0 0 0 0
40.561 200 SVINFO 0 0 0 0 0 0 0
40.601 200 ROTORCRAFT_NAV_STATUS 16 16 0. 0. 3 1 3
40.660 200 ROTORCRAFT_FP 0 0 0 0 0 0 0 0 0 0 0 0 0 0 0
40.694 200 DL_VALUE 15 1.169371
40.810 200 GPS_INT 0 0 0 0 0 0 0 0 0 0 0 0 0 0 0 0
40.810 200 SVINFO 0 0 0 0 0 0 0
40.909 200 ROTORCRAFT_FP 0 0 0 0 0 0 0 0 0 0 0 0 0 0 0
41.029 200 LINK_REPORT 200 0 41 0 26528 691 0 665. 18. 0 3.72
41.084 200 GPS_INT 0 0 0 0 0 0 0 0 0 0 0 0 0 0 0 0
41.084 200 SVINFO 0 0 0 0 0 0 0
41.086 200 WP_MOVED_ENU 7 3696 -10355 1280
41.185 200 ROTORCRAFT_FP 0 0 0 0 0 0 0 0 0 0 0 0 0 0 0
41.287 200 ROTORCRAFT_STATUS 0 0 2 0 0 0 0 0 0 0 0 47
41.391 200 GPS_INT 0 0 0 0 0 0 0 0 0 0 0 0 0 0 0 0
41.392 200 SVINFO 0 0 0 0 0 0 0
41.493 200 ROTORCRAFT_FP 0 0 0 0 0 0 0 0 0 0 0 0 0 0 0
41.595 200 SYS_MON 1954 1954 1954 0 0 0 2 0
41.596 200 GPS_INT 0 0 0 0 0 0 0 0 0 0 0 0 0 0 0 0
41.596 200 SVINFO 0 0 0 0 0 0 0
41.697 200 ROTORCRAFT_FP 0 0 0 0 0 0 0 0 0 0 0 0 0 0 0
41.901 200 DL_VALUE 16 0.85
41.903 200 GPS_INT 0 0 0 0 0 0 0 0 0 0 0 0 0 0 0 0
41.904 200 SVINFO 0 0 0 0 0 0 0
42.005 200 ROTORCRAFT_FP 0 0 0 0 0 0 0 0 0 0 0 0 0 0 0
42.027 200 LINK_REPORT 200 0 42 0 27162 707 0 634. 16. 0 3.72
42.107 200 GPS_INT 0 0 0 0 0 0 0 0 0 0 0 0 0 0 0 0
42.108 200 SVINFO 0 0 0 0 0 0 0
42.210 200 ROTORCRAFT_FP 0 0 0 0 0 0 0 0 0 0 0 0 0 0 0
42.211 200 ROTORCRAFT_NAV_STATUS 17 17 0. 0. 3 1 3
42.414 200 GPS_INT 0 0 0 0 0 0 0 0 0 0 0 0 0 0 0 0
42.414 200 SVINFO 0 0 0 0 0 0 0
42.415 200 WP_MOVED_ENU 8 -4887 -12894 512
42.417 200 ROTORCRAFT_STATUS 0 0 2 0 0 0 0 0 0 0 0 48
42.418 200 ALIVE 15,2,147,173,108,254,87,22,47,4,229,140,246,122,180,149
42.516 200 ROTORCRAFT_FP 0 0 0 0 0 0 0 0 0 0 0 0 0 0 0
42.618 200 SYS_MON 1954 1954 1954 0 0 0 2 0
42.619 200 GPS_INT 0 0 0 0 0 0 0 0 0 0 0 0 0 0 0 0
42.620 200 SVINFO 0 0 0 0 0 0 0
42.721 200 ROTORCRAFT_FP 0 0 0 0 0 0 0 0 0 0 0 0 0 0 0
42.824 200 GPS_INT 0 0 0 0 0 0 0 0 0 0 0 0 0 0 0 0
42.824 200 SVINFO 0 0 0 0 0 0 0
42.926 200 DL_VALUE 17 7.
42.926 200 ROTORCRAFT_FP 0 0 0 0 0 0 0 0 0 0 0 0 0 0 0
43.031 200 LINK_REPORT 200 0 43 0 27840 725 0 678. 18. 0 3.72
43.132 200 GPS_INT 0 0 0 0 0 0 0 0 0 0 0 0 0 0 0 0
43.133 200 SVINFO 0 0 0 0 0 0 0
43.233 200 ROTORCRAFT_FP 0 0 0 0 0 0 0 0 0 0 0 0 0 0 0
43.336 200 GPS_INT 0 0 0 0 0 0 0 0 0 0 0 0 0 0 0 0
43.336 200 SVINFO 0 0 0 0 0 0 0
43.438 200 ROTORCRAFT_FP 0 0 0 0 0 0 0 0 0 0 0 0 0 0 0
43.487 200 WIND_INFO 200 42 0. 0. 0.
43.512 200 SYS_MON 1954 1954 1954 0 0 0 2 0
43.559 200 GPS_INT 0 0 0 0 0 0 0 0 0 0 0 0 0 0 0 0
43.560 200 SVINFO 0 0 0 0 0 0 0
43.659 200 ROTORCRAFT_FP 0 0 0 0 0 0 0 0 0 0 0 0 0 0 0
43.667 200 WP_MOVED_ENU 9 1484 -2764 1280
43.799 200 ROTORCRAFT_NAV_STATUS 19 19 0. 0. 3 1 3
43.809 200 GPS_INT 0 0 0 0 0 0 0 0 0 0 0 0 0 0 0 0
43.809 200 SVINFO 0 0 0 0 0 0 0
43.908 200 ROTORCRAFT_FP 0 0 0 0 0 0 0 0 0 0 0 0 0 0 0
44.034 200 LINK_REPORT 200 0 44 0 28461 740 0 621. 15. 0 3.72
44.046 200 DL_VALUE 18 2.
44.062 200 GPS_INT 0 0 0 0 0 0 0 0 0 0 0 0 0 0 0 0
45.034 200 LINK_REPORT 200 0 45 0 28534 742 0 73. 2. 0 3.72
45.059 200 GPS_INT 0 0 0 0 0 0 0 0 0 0 0 0 0 0 0 0
45.060 200 SVINFO 0 0 0 0 0 0 0
45.091 200 DL_VALUE 19 0.
45.158 200 ROTORCRAFT_FP 0 0 0 0 0 0 0 0 0 0 0 0 0 0 0
45.308 200 GPS_INT 0 0 0 0 0 0 0 0 0 0 0 0 0 0 0 0
45.308 200 SVINFO 0 0 0 0 0 0 0
45.397 200 ROTORCRAFT_NAV_STATUS 20 20 0. 0. 3 1 3
45.409 200 ROTORCRAFT_FP 0 0 0 0 0 0 0 0 0 0 0 0 0 0 0
45.512 200 SYS_MON 1954 1954 1954 0 0 0 2 0
45.512 200 PONG 
45.557 200 GPS_INT 0 0 0 0 0 0 0 0 0 0 0 0 0 0 0 0
45.657 200 ROTORCRAFT_FP 0 0 0 0 0 0 0 0 0 0 0 0 0 0 0
45.807 200 GPS_INT 0 0 0 0 0 0 0 0 0 0 0 0 0 0 0 0
45.808 200 SVINFO 0 0 0 0 0 0 0
45.907 200 ROTORCRAFT_FP 0 0 0 0 0 0 0 0 0 0 0 0 0 0 0
45.999 200 ROTORCRAFT_STATUS 0 0 2 0 0 0 0 0 0 0 0 52
46.032 200 LINK_REPORT 200 0 46 0 29162 758 0 628. 16. 0 4.26
46.094 200 GPS_INT 0 0 0 0 0 0 0 0 0 0 0 0 0 0 0 0
46.095 200 SVINFO 0 0 0 0 0 0 0
46.203 200 ROTORCRAFT_FP 0 0 0 0 0 0 0 0 0 0 0 0 0 0 0
46.203 200 DL_VALUE 20 0.
46.298 200 WP_MOVED_ENU 1 0 0 1280
46.307 200 GPS_INT 0 0 0 0 0 0 0 0 0 0 0 0 0 0 0 0
46.308 200 SVINFO 0 0 0 0 0 0 0
46.511 200 ROTORCRAFT_FP 0 0 0 0 0 0 0 0 0 0 0 0 0 0 0
46.612 200 SYS_MON 1954 1954 1954 0 0 0 2 0
46.615 200 GPS_INT 0 0 0 0 0 0 0 0 0 0 0 0 0 0 0 0
46.619 200 SVINFO 0 0 0 0 0 0 0
46.620 200 ALIVE 15,2,147,173,108,254,87,22,47,4,229,140,246,122,180,149
46.715 200 ROTORCRAFT_FP 0 0 0 0 0 0 0 0 0 0 0 0 0 0 0
46.817 200 GPS_INT 0 0 0 0 0 0 0 0 0 0 0 0 0 0 0 0
46.818 200 SVINFO 0 0 0 0 0 0 0
46.919 200 ROTORCRAFT_FP 0 0 0 0 0 0 0 0 0 0 0 0 0 0 0
47.022 200 ROTORCRAFT_NAV_STATUS 22 22 0. 0. 3 1 3
47.029 200 LINK_REPORT 200 0 47 0 29817 775 0 655. 17. 0 4.26
47.126 200 GPS_INT 0 0 0 0 0 0 0 0 0 0 0 0 0 0 0 0
47.126 200 SVINFO 0 0 0 0 0 0 0
47.227 200 ROTORCRAFT_FP 0 0 0 0 0 0 0 0 0 0 0 0 0 0 0
47.229 200 ROTORCRAFT_STATUS 0 0 2 0 0 0 0 0 0 0 0 53
47.329 200 DL_VALUE 21 0.
47.331 200 GPS_INT 0 0 0 0 0 0 0 0 0 0 0 0 0 0 0 0
47.332 200 SVINFO 0 0 0 0 0 0 0
47.432 200 ROTORCRAFT_FP 0 0 0 0 0 0 0 0 0 0 0 0 0 0 0
47.509 200 SYS_MON 1954 1954 1954 0 0 0 2 0
47.561 200 GPS_INT 0 0 0 0 0 0 0 0 0 0 0 0 0 0 0 0
47.561 200 SVINFO 0 0 0 0 0 0 0
47.562 200 WP_MOVED_ENU 2 -23 1280 1280
47.656 200 ROTORCRAFT_FP 0 0 0 0 0 0 0 0 0 0 0 0 0 0 0
47.842 200 GPS_INT 0 0 0 0 0 0 0 0 0 0 0 0 0 0 0 0
47.842 200 SVINFO 0 0 0 0 0 0 0
47.944 200 ROTORCRAFT_FP 0 0 0 0 0 0 0 0 0 0 0 0 0 0 0
48.030 200 LINK_REPORT 200 0 48 0 30451 791 0 634. 16. 0 4.26
48.149 200 GPS_INT 0 0 0 0 0 0 0 0 0 0 0 0 0 0 0 0
48.150 200 SVINFO 0 0 0 0 0 0 0
48.251 200 ROTORCRAFT_FP 0 0 0 0 0 0 0 0 0 0 0 0 0 0 0
48.456 200 ROTORCRAFT_STATUS 0 0 2 0 0 0 0 0 0 0 0 54
48.456 200 DL_VALUE 22 0.
48.458 200 ROTORCRAFT_FP 0 0 0 0 0 0 0 0 0 0 0 0 0 0 0
48.557 200 SYS_MON 1954 1954 1954 0 0 0 2 0
48.654 200 GPS_INT 0 0 0 0 0 0 0 0 0 0 0 0 0 0 0 0
48.656 200 SVINFO 0 0 0 0 0 0 0
48.658 200 ROTORCRAFT_NAV_STATUS 24 24 0. 0. 3 1 3
48.661 200 ROTORCRAFT_FP 0 0 0 0 0 0 0 0 0 0 0 0 0 0 0
48.763 200 ALIVE 15,2,147,173,108,254,87,22,47,4,229,140,246,122,180,149
48.806 200 GPS_INT 0 0 0 0 0 0 0 0 0 0 0 0 0 0 0 0
48.807 200 SVINFO 0 0 0 0 0 0 0
48.866 200 WP_MOVED_ENU 3 -488 -1290 1280
48.962 200 ROTORCRAFT_FP 0 0 0 0 0 0 0 0 0 0 0 0 0 0 0
49.009 200 AUTOPILOT_VERSION 50401 v5.4.1_stable-4-ga603c8e
49.030 200 LINK_REPORT 200 0 49 0 31088 808 0 637. 17. 0 4.26
49.071 200 GPS_INT 0 0 0 0 0 0 0 0 0 0 0 0 0 0 0 0
49.071 200 SVINFO 0 0 0 0 0 0 0
49.173 200 ROTORCRAFT_FP 0 0 0 0 0 0 0 0 0 0 0 0 0 0 0
49.378 200 GPS_INT 0 0 0 0 0 0 0 0 0 0 0 0 0 0 0 0
49.378 200 SVINFO 0 0 0 0 0 0 0
49.480 200 ROTORCRAFT_FP 0 0 0 0 0 0 0 0 0 0 0 0 0 0 0
49.582 200 DL_VALUE 23 0.
49.583 200 SYS_MON 1954 1954 1954 0 0 0 2 0
49.584 200 GPS_INT 0 0 0 0 0 0 0 0 0 0 0 0 0 0 0 0
49.585 200 SVINFO 0 0 0 0 0 0 0
49.586 200 ROTORCRAFT_STATUS 0 0 2 0 0 0 0 0 0 0 0 56
49.685 200 ROTORCRAFT_FP 0 0 0 0 0 0 0 0 0 0 0 0 0 0 0
49.787 200 DATALINK_REPORT 0 0 962 662 0
49.890 200 GPS_INT 0 0 0 0 0 0 0 0 0 0 0 0 0 0 0 0
49.890 200 SVINFO 0 0 0 0 0 0 0
49.992 200 ROTORCRAFT_FP 0 0 0 0 0 0 0 0 0 0 0 0 0 0 0
50.031 200 LINK_REPORT 200 0 50 0 31718 824 0 630. 16. 0 4.26
50.094 200 GPS_INT 0 0 0 0 0 0 0 0 0 0 0 0 0 0 0 0
50.095 200 SVINFO 0 0 0 0 0 0 0
50.197 200 ROTORCRAFT_FP 0 0 0 0 0 0 0 0 0 0 0 0 0 0 0
50.197 200 WP_MOVED_ENU 4 985 -3543 1280
50.298 200 ROTORCRAFT_NAV_STATUS 25 25 0. 0. 3 1 3
50.401 200 GPS_INT 0 0 0 0 0 0 0 0 0 0 0 0 0 0 0 0
50.402 200 SVINFO 0 0 0 0 0 0 0
50.504 200 ROTORCRAFT_FP 0 0 0 0 0 0 0 0 0 0 0 0 0 0 0
50.511 200 PONG 
50.557 200 GPS_INT 0 0 0 0 0 0 0 0 0 0 0 0 0 0 0 0
50.557 200 SVINFO 0 0 0 0 0 0 0
50.586 200 DL_VALUE 24 149.
50.599 200 SYS_MON 1954 1954 1954 0 0 0 2 0
50.656 200 ROTORCRAFT_FP 0 0 0 0 0 0 0 0 0 0 0 0 0 0 0
50.770 200 ROTORCRAFT_STATUS 0 0 2 0 0 0 0 0 0 0 0 57
50.797 200 ALIVE 15,2,147,173,108,254,87,22,47,4,229,140,246,122,180,149
50.805 200 GPS_INT 0 0 0 0 0 0 0 0 0 0 0 0 0 0 0 0
50.806 200 SVINFO 0 0 0 0 0 0 0
50.905 200 ROTORCRAFT_FP 0 0 0 0 0 0 0 0 0 0 0 0 0 0 0
51.032 200 LINK_REPORT 200 0 51 0 32402 843 0 684. 19. 0 3.77
51.119 200 GPS_INT 0 0 0 0 0 0 0 0 0 0 0 0 0 0 0 0
51.120 200 SVINFO 0 0 0 0 0 0 0
51.221 200 ROTORCRAFT_FP 0 0 0 0 0 0 0 0 0 0 0 0 0 0 0
51.323 200 GPS_INT 0 0 0 0 0 0 0 0 0 0 0 0 0 0 0 0
51.324 200 SVINFO 0 0 0 0 0 0 0
51.425 200 ROTORCRAFT_FP 0 0 0 0 0 0 0 0 0 0 0 0 0 0 0
51.527 200 WP_MOVED_ENU 5 7265 -12211 1280
51.528 200 SYS_MON 1954 1954 1954 0 0 0 2 0
51.630 200 GPS_INT 0 0 0 0 0 0 0 0 0 0 0 0 0 0 0 0
51.631 200 SVINFO 0 0 0 0 0 0 0
51.732 200 ROTORCRAFT_FP 0 0 0 0 0 0 0 0 0 0 0 0 0 0 0
51.733 200 DL_VALUE 25 0.
51.836 200 ROTORCRAFT_NAV_STATUS 27 27 0. 0. 3 1 3
51.837 200 GPS_INT 0 0 0 0 0 0 0 0 0 0 0 0 0 0 0 0
51.838 200 SVINFO 0 0 0 0 0 0 0
51.937 200 ROTORCRAFT_FP 0 0 0 0 0 0 0 0 0 0 0 0 0 0 0
52.032 200 LINK_REPORT 200 0 52 0 33034 859 0 632. 16. 0 3.77
52.044 200 ROTORCRAFT_STATUS 0 0 2 0 0 0 0 0 0 0 0 58
52.142 200 GPS_INT 0 0 0 0 0 0 0 0 0 0 0 0 0 0 0 0
52.142 200 SVINFO 0 0 0 0 0 0 0
52.245 200 ROTORCRAFT_FP 0 0 0 0 0 0 0 0 0 0 0 0 0 0 0
52.347 200 GPS_INT 0 0 0 0 0 0 0 0 0 0 0 0 0 0 0 0
52.348 200 SVINFO 0 0 0 0 0 0 0
52.450 200 ROTORCRAFT_FP 0 0 0 0 0 0 0 0 0 0 0 0 0 0 0
52.551 200 SYS_MON 1954 1954 1954 0 0 0 2 0
52.655 200 GPS_INT 0 0 0 0 0 0 0 0 0 0 0 0 0 0 0 0
52.655 200 SVINFO 0 0 0 0 0 0 0
52.757 200 ROTORCRAFT_FP 0 0 0 0 0 0 0 0 0 0 0 0 0 0 0
52.858 200 WP_MOVED_ENU 6 4367 -4940 1280
52.859 200 DL_VALUE 26 5.
52.860 200 GPS_INT 0 0 0 0 0 0 0 0 0 0 0 0 0 0 0 0
52.861 200 SVINFO 0 0 0 0 0 0 0
52.961 200 ALIVE 15,2,147,173,108,254,87,22,47,4,229,140,246,122,180,149
52.962 200 ROTORCRAFT_FP 0 0 0 0 0 0 0 0 0 0 0 0 0 0 0
53.033 200 LINK_REPORT 200 0 53 0 33691 876 0 657. 17. 0 3.77
53.063 200 GPS_INT 0 0 0 0 0 0 0 0 0 0 0 0 0 0 0 0
53.064 200 SVINFO 0 0 0 0 0 0 0
53.167 200 ROTORCRAFT_FP 0 0 0 0 0 0 0 0 0 0 0 0 0 0 0
53.268 200 ROTORCRAFT_STATUS 0 0 2 0 0 0 0 0 0 0 0 59
53.373 200 GPS_INT 0 0 0 0 0 0 0 0 0 0 0 0 0 0 0 0
53.373 200 SVINFO 0 0 0 0 0 0 0
53.473 200 ROTORCRAFT_NAV_STATUS 28 28 0. 0. 3 1 3
53.475 200 ROTORCRAFT_FP 0 0 0 0 0 0 0 0 0 0 0 0 0 0 0
53.486 200 WIND_INFO 200 42 0. 0. 0.
53.576 200 SYS_MON 1954 1954 1954 0 0 0 2 0
53.577 200 GPS_INT 0 0 0 0 0 0 0 0 0 0 0 0 0 0 0 0
53.578 200 SVINFO 0 0 0 0 0 0 0
53.678 200 ROTORCRAFT_FP 0 0 0 0 0 0 0 0 0 0 0 0 0 0 0
53.883 200 GPS_INT 0 0 0 0 0 0 0 0 0 0 0 0 0 0 0 0
53.884 200 SVINFO 0 0 0 0 0 0 0
53.985 200 DL_VALUE 0 0.
53.986 200 ROTORCRAFT_FP 0 0 0 0 0 0 0 0 0 0 0 0 0 0 0
54.034 200 LINK_REPORT 200 0 54 0 34327 892 0 636. 16. 0 3.77
54.087 200 WP_MOVED_ENU 7 3696 -10355 1280
54.089 200 GPS_INT 0 0 0 0 0 0 0 0 0 0 0 0 0 0 0 0
54.089 200 SVINFO 0 0 0 0 0 0 0
54.192 200 ROTORCRAFT_FP 0 0 0 0 0 0 0 0 0 0 0 0 0 0 0
54.395 200 GPS_INT 0 0 0 0 0 0 0 0 0 0 0 0 0 0 0 0
54.395 200 SVINFO 0 0 0 0 0 0 0
54.397 200 ROTORCRAFT_STATUS 0 0 2 0 0 0 0 0 0 0 0 60
54.497 200 ROTORCRAFT_FP 0 0 0 0 0 0 0 0 0 0 0 0 0 0 0
54.600 200 SYS_MON 1954 1954 1954 0 0 0 2 0
54.601 200 GPS_INT 0 0 0 0 0 0 0 0 0 0 0 0 0 0 0 0
54.601 200 SVINFO 0 0 0 0 0 0 0
54.702 200 ROTORCRAFT_FP 0 0 0 0 0 0 0 0 0 0 0 0 0 0 0
54.906 200 DATALINK_REPORT 0 0 1046 636 0
54.910 200 GPS_INT 0 0 0 0 0 0 0 0 0 0 0 0 0 0 0 0
54.910 200 SVINFO 0 0 0 0 0 0 0
55.010 200 ROTORCRAFT_FP 0 0 0 0 0 0 0 0 0 0 0 0 0 0 0
55.010 200 DL_VALUE 1 13.
55.011 200 ROTORCRAFT_NAV_STATUS 30 30 0. 0. 3 1 3
55.013 200 ALIVE 15,2,147,173,108,254,87,22,47,4,229,140,246,122,180,149
55.034 200 LINK_REPORT 200 0 55 0 35020 911 0 693. 19. 0 3.77
55.112 200 GPS_INT 0 0 0 0 0 0 0 0 0 0 0 0 0 0 0 0
55.113 200 SVINFO 0 0 0 0 0 0 0
55.316 200 GPS_INT 0 0 0 0 0 0 0 0 0 0 0 0 0 0 0 0
55.317 200 SVINFO 0 0 0 0 0 0 0
55.419 200 WP_MOVED_ENU 8 -4887 -12894 512
55.420 200 ROTORCRAFT_FP 0 0 0 0 0 0 0 0 0 0 0 0 0 0 0
55.521 200 SYS_MON 1954 1954 1954 0 0 0 2 0
55.521 200 PONG 
55.552 200 GPS_INT 0 0 0 0 0 0 0 0 0 0 0 0 0 0 0 0
55.553 200 SVINFO 0 0 0 0 0 0 0
55.563 200 ROTORCRAFT_STATUS 0 0 2 0 0 0 0 0 0 0 0 62
55.652 200 ROTORCRAFT_FP 0 0 0 0 0 0 0 0 0 0 0 0 0 0 0
55.803 200 GPS_INT 0 0 0 0 0 0 0 0 0 0 0 0 0 0 0 0
55.804 200 SVINFO 0 0 0 0 0 0 0
55.931 200 ROTORCRAFT_FP 0 0 0 0 0 0 0 0 0 0 0 0 0 0 0
56.034 200 LINK_REPORT 200 0 56 0 35585 926 0 565. 15. 0 12.98
56.137 200 GPS_INT 0 0 0 0 0 0 0 0 0 0 0 0 0 0 0 0
56.137 200 SVINFO 0 0 0 0 0 0 0
56.138 200 DL_VALUE 2 1.
56.238 200 ROTORCRAFT_FP 0 0 0 0 0 0 0 0 0 0 0 0 0 0 0
56.340 200 GPS_INT 0 0 0 0 0 0 0 0 0 0 0 0 0 0 0 0
56.341 200 SVINFO 0 0 0 0 0 0 0
56.443 200 ROTORCRAFT_FP 0 0 0 0 0 0 0 0 0 0 0 0 0 0 0
56.547 200 SYS_MON 1954 1954 1954 0 0 0 2 0
56.649 200 GPS_INT 0 0 0 0 0 0 0 0 0 0 0 0 0 0 0 0
56.649 200 SVINFO 0 0 0 0 0 0 0
56.650 200 ROTORCRAFT_NAV_STATUS 32 32 0. 0. 3 1 3
56.749 200 WP_MOVED_ENU 9 1484 -2764 1280
56.751 200 ROTORCRAFT_FP 0 0 0 0 0 0 0 0 0 0 0 0 0 0 0
56.853 200 ROTORCRAFT_STATUS 0 0 2 0 0 0 0 0 0 0 0 63
56.854 200 GPS_INT 0 0 0 0 0 0 0 0 0 0 0 0 0 0 0 0
56.855 200 SVINFO 0 0 0 0 0 0 0
56.955 200 ROTORCRAFT_FP 0 0 0 0 0 0 0 0 0 0 0 0 0 0 0
57.035 200 LINK_REPORT 200 0 57 0 36240 943 0 655. 17. 0 12.98
57.160 200 GPS_INT 0 0 0 0 0 0 0 0 0 0 0 0 0 0 0 0
57.161 200 SVINFO 0 0 0 0 0 0 0
57.162 200 ALIVE 15,2,147,173,108,254,87,22,47,4,229,140,246,122,180,149
57.165 200 ROTORCRAFT_FP 0 0 0 0 0 0 0 0 0 0 0 0 0 0 0
57.261 200 DL_VALUE 3 1.
57.365 200 GPS_INT 0 0 0 0 0 0 0 0 0 0 0 0 0 0 0 0
57.365 200 SVINFO 0 0 0 0 0 0 0
57.467 200 ROTORCRAFT_FP 0 0 0 0 0 0 0 0 0 0 0 0 0 0 0
57.569 200 SYS_MON 1954 1954 1954 0 0 0 2 0
57.570 200 GPS_INT 0 0 0 0 0 0 0 0 0 0 0 0 0 0 0 0
57.571 200 SVINFO 0 0 0 0 0 0 0
57.672 200 ROTORCRAFT_FP 0 0 0 0 0 0 0 0 0 0 0 0 0 0 0
57.876 200 GPS_INT 0 0 0 0 0 0 0 0 0 0 0 0 0 0 0 0
57.877 200 SVINFO 0 0 0 0 0 0 0
57.979 200 ROTORCRAFT_FP 0 0 0 0 0 0 0 0 0 0 0 0 0 0 0
57.980 200 WP_MOVED_ENU 0 10557 10949 1280
57.983 200 ROTORCRAFT_STATUS 0 0 2 0 0 0 0 0 0 0 0 64
58.036 200 LINK_REPORT 200 0 58 0 36897 960 0 657. 17. 0 12.98
58.082 200 GPS_INT 0 0 0 0 0 0 0 0 0 0 0 0 0 0 0 0
58.082 200 SVINFO 0 0 0 0 0 0 0
58.185 200 ROTORCRAFT_FP 0 0 0 0 0 0 0 0 0 0 0 0 0 0 0
58.286 200 ROTORCRAFT_NAV_STATUS 33 33 0. 0. 3 1 3
58.286 200 DL_VALUE 4 0.
58.389 200 GPS_INT 0 0 0 0 0 0 0 0 0 0 0 0 0 0 0 0
58.390 200 SVINFO 0 0 0 0 0 0 0
58.491 200 ROTORCRAFT_FP 0 0 0 0 0 0 0 0 0 0 0 0 0 0 0
58.594 200 SYS_MON 1954 1954 1954 0 0 0 2 0
58.595 200 GPS_INT 0 0 0 0 0 0 0 0 0 0 0 0 0 0 0 0
58.595 200 SVINFO 0 0 0 0 0 0 0
58.696 200 ROTORCRAFT_FP 0 0 0 0 0 0 0 0 0 0 0 0 0 0 0
58.901 200 GPS_INT 0 0 0 0 0 0 0 0 0 0 0 0 0 0 0 0
58.902 200 SVINFO 0 0 0 0 0 0 0
59.003 200 ROTORCRAFT_FP 0 0 0 0 0 0 0 0 0 0 0 0 0 0 0
59.036 200 LINK_REPORT 200 0 59 0 37510 975 0 613. 15. 0 12.98
59.107 200 GPS_INT 0 0 0 0 0 0 0 0 0 0 0 0 0 0 0 0
59.107 200 SVINFO 0 0 0 0 0 0 0
59.208 200 ROTORCRAFT_FP 0 0 0 0 0 0 0 0 0 0 0 0 0 0 0
59.209 200 ROTORCRAFT_STATUS 0 0 2 0 0 0 0 0 0 0 0 65
59.210 200 ALIVE 15,2,147,173,108,254,87,22,47,4,229,140,246,122,180,149
59.310 200 WP_MOVED_ENU 1 0 0 1280
59.311 200 GPS_INT 0 0 0 0 0 0 0 0 0 0 0 0 0 0 0 0
59.311 200 SVINFO 0 0 0 0 0 0 0
59.412 200 DL_VALUE 5 425.
59.414 200 ROTORCRAFT_FP 0 0 0 0 0 0 0 0 0 0 0 0 0 0 0
59.515 200 SYS_MON 1954 1954 1954 0 0 0 2 0
59.618 200 GPS_INT 0 0 0 0 0 0 0 0 0 0 0 0 0 0 0 0
59.618 200 SVINFO 0 0 0 0 0 0 0
59.719 200 ROTORCRAFT_FP 0 0 0 0 0 0 0 0 0 0 0 0 0 0 0
59.822 200 ROTORCRAFT_NAV_STATUS 35 35 0. 0. 3 1 3
59.824 200 GPS_INT 0 0 0 0 0 0 0 0 0 0 0 0 0 0 0 0
59.824 200 SVINFO 0 0 0 0 0 0 0
59.925 200 DATALINK_REPORT 0 0 1135 662 0
59.926 200 ROTORCRAFT_FP 0 0 0 0 0 0 0 0 0 0 0 0 0 0 0
60.036 200 LINK_REPORT 200 0 60 0 38203 994 0 693. 19. 0 12.98
60.130 200 GPS_INT 0 0 0 0 0 0 0 0 0 0 0 0 0 0 0 0
60.130 200 SVINFO 0 0 0 0 0 0 0
60.132 200 AUTOPILOT_VERSION 50401 v5.4.1_stable-4-ga603c8e
60.233 200 ROTORCRAFT_FP 0 0 0 0 0 0 0 0 0 0 0 0 0 0 0
60.334 200 GPS_INT 0 0 0 0 0 0 0 0 0 0 0 0 0 0 0 0
60.335 200 SVINFO 0 0 0 0 0 0 0
60.437 200 ROTORCRAFT_STATUS 0 0 2 0 0 0 0 0 0 0 0 66
60.438 200 ROTORCRAFT_FP 0 0 0 0 0 0 0 0 0 0 0 0 0 0 0
60.513 200 PONG 
60.532 200 DL_VALUE 6 200.
60.533 200 SYS_MON 1954 1954 1954 0 0 0 2 0
60.541 200 WP_MOVED_ENU 2 -23 1280 1280
60.549 200 GPS_INT 0 0 0 0 0 0 0 0 0 0 0 0 0 0 0 0
60.550 200 SVINFO 0 0 0 0 0 0 0
60.649 200 ROTORCRAFT_FP 0 0 0 0 0 0 0 0 0 0 0 0 0 0 0
60.800 200 GPS_INT 0 0 0 0 0 0 0 0 0 0 0 0 0 0 0 0
60.800 200 SVINFO 0 0 0 0 0 0 0
60.899 200 ROTORCRAFT_FP 0 0 0 0 0 0 0 0 0 0 0 0 0 0 0
61.037 200 LINK_REPORT 200 0 61 0 38878 1012 0 675. 18. 0 4.17
61.154 200 GPS_INT 0 0 0 0 0 0 0 0 0 0 0 0 0 0 0 0
61.154 200 SVINFO 0 0 0 0 0 0 0
61.256 200 ROTORCRAFT_FP 0 0 0 0 0 0 0 0 0 0 0 0 0 0 0
61.358 200 ALIVE 15,2,147,173,108,254,87,22,47,4,229,140,246,122,180,149
61.360 200 GPS_INT 0 0 0 0 0 0 0 0 0 0 0 0 0 0 0 0
61.360 200 SVINFO 0 0 0 0 0 0 0
61.461 200 ROTORCRAFT_NAV_STATUS 36 36 0. 0. 3 1 3
61.462 200 ROTORCRAFT_FP 0 0 0 0 0 0 0 0 0 0 0 0 0 0 0
61.563 200 SYS_MON 1954 1954 1954 0 0 0 2 0
61.564 200 GPS_INT 0 0 0 0 0 0 0 0 0 0 0 0 0 0 0 0
61.565 200 SVINFO 0 0 0 0 0 0 0
61.665 200 ROTORCRAFT_STATUS 0 0 2 0 0 0 0 0 0 0 0 68
61.665 200 DL_VALUE 7 125.
61.667 200 ROTORCRAFT_FP 0 0 0 0 0 0 0 0 0 0 0 0 0 0 0
61.871 200 GPS_INT 0 0 0 0 0 0 0 0 0 0 0 0 0 0 0 0
61.871 200 SVINFO 0 0 0 0 0 0 0
61.872 200 WP_MOVED_ENU 3 -488 -1290 1280
61.973 200 ROTORCRAFT_FP 0 0 0 0 0 0 0 0 0 0 0 0 0 0 0
62.038 200 LINK_REPORT 200 0 62 0 39556 1030 0 678. 18. 0 4.17
62.075 200 GPS_INT 0 0 0 0 0 0 0 0 0 0 0 0 0 0 0 0
62.075 200 SVINFO 0 0 0 0 0 0 0
62.177 200 ROTORCRAFT_FP 0 0 0 0 0 0 0 0 0 0 0 0 0 0 0
62.382 200 GPS_INT 0 0 0 0 0 0 0 0 0 0 0 0 0 0 0 0
62.383 200 SVINFO 0 0 0 0 0 0 0
62.486 200 ROTORCRAFT_FP 0 0 0 0 0 0 0 0 0 0 0 0 0 0 0
62.587 200 SYS_MON 1954 1954 1954 0 0 0 2 0
62.588 200 GPS_INT 0 0 0 0 0 0 0 0 0 0 0 0 0 0 0 0
62.589 200 SVINFO 0 0 0 0 0 0 0
62.690 200 ROTORCRAFT_FP 0 0 0 0 0 0 0 0 0 0 0 0 0 0 0
62.690 200 DL_VALUE 8 0.5
62.792 200 ROTORCRAFT_STATUS 0 0 2 0 0 0 0 0 0 0 0 69
62.894 200 GPS_INT 0 0 0 0 0 0 0 0 0 0 0 0 0 0 0 0
62.895 200 SVINFO 0 0 0 0 0 0 0
62.998 200 ROTORCRAFT_NAV_STATUS 38 38 0. 0. 3 1 3
63.038 200 LINK_REPORT 200 0 63 0 40128 1045 0 572. 15. 0 4.17
63.099 200 GPS_INT 0 0 0 0 0 0 0 0 0 0 0 0 0 0 0 0
63.100 200 SVINFO 0 0 0 0 0 0 0
63.201 200 WP_MOVED_ENU 4 985 -3543 1280
63.203 200 ROTORCRAFT_FP 0 0 0 0 0 0 0 0 0 0 0 0 0 0 0
63.407 200 GPS_INT 0 0 0 0 0 0 0 0 0 0 0 0 0 0 0 0
63.407 200 SVINFO 0 0 0 0 0 0 0
63.408 200 ALIVE 15,2,147,173,108,254,87,22,47,4,229,140,246,122,180,149
63.410 200 ROTORCRAFT_FP 0 0 0 0 0 0 0 0 0 0 0 0 0 0 0
63.509 200 SYS_MON 1954 1954 1954 0 0 0 2 0
63.611 200 GPS_INT 0 0 0 0 0 0 0 0 0 0 0 0 0 0 0 0
63.612 200 SVINFO 0 0 0 0 0 0 0
63.714 200 ROTORCRAFT_FP 0 0 0 0 0 0 0 0 0 0 0 0 0 0 0
63.816 200 DL_VALUE 9 0.
63.816 200 GPS_INT 0 0 0 0 0 0 0 0 0 0 0 0 0 0 0 0
63.817 200 SVINFO 0 0 0 0 0 0 0
63.919 200 ROTORCRAFT_FP 0 0 0 0 0 0 0 0 0 0 0 0 0 0 0
64.021 200 ROTORCRAFT_STATUS 0 0 2 0 0 0 0 0 0 0 0 70
64.039 200 LINK_REPORT 200 0 64 0 40785 1062 0 657. 17. 0 4.17
64.123 200 GPS_INT 0 0 0 0 0 0 0 0 0 0 0 0 0 0 0 0
64.124 200 SVINFO 0 0 0 0 0 0 0
64.226 200 ROTORCRAFT_FP 0 0 0 0 0 0 0 0 0 0 0 0 0 0 0
64.329 200 GPS_INT 0 0 0 0 0 0 0 0 0 0 0 0 0 0 0 0
64.329 200 SVINFO 0 0 0 0 0 0 0
64.430 200 ROTORCRAFT_FP 0 0 0 0 0 0 0 0 0 0 0 0 0 0 0
64.532 200 WP_MOVED_ENU 5 7265 -12211 1280
64.533 200 SYS_MON 1954 1954 1954 0 0 0 2 0
64.635 200 GPS_INT 0 0 0 0 0 0 0 0 0 0 0 0 0 0 0 0
64.636 200 SVINFO 0 0 0 0 0 0 0
64.637 200 ROTORCRAFT_NAV_STATUS 40 40 0. 0. 3 1 3
64.738 200 ROTORCRAFT_FP 0 0 0 0 0 0 0 0 0 0 0 0 0 0 0
64.840 200 GPS_INT 0 0 0 0 0 0 0 0 0 0 0 0 0 0 0 0
64.840 200 SVINFO 0 0 0 0 0 0 0
64.943 200 DL_VALUE 10 0.
64.944 200 ROTORCRAFT_FP 0 0 0 0 0 0 0 0 0 0 0 0 0 0 0
65.038 200 LINK_REPORT 200 0 65 0 41417 1078 0 632. 16. 0 4.17
65.044 200 DATALINK_REPORT 0 0 1222 657 0
65.147 200 GPS_INT 0 0 0 0 0 0 0 0 0 0 0 0 0 0 0 0
65.148 200 SVINFO 0 0 0 0 0 0 0
65.249 200 ROTORCRAFT_FP 0 0 0 0 0 0 0 0 0 0 0 0 0 0 0
65.251 200 ROTORCRAFT_STATUS 0 0 2 0 0 0 0 0 0 0 0 71
65.352 200 GPS_INT 0 0 0 0 0 0 0 0 0 0 0 0 0 0 0 0
65.352 200 SVINFO 0 0 0 0 0 0 0
65.455 200 ROTORCRAFT_FP 0 0 0 0 0 0 0 0 0 0 0 0 0 0 0
65.557 200 ALIVE 15,2,147,173,108,254,87,22,47,4,229,140,246,122,180,149
65.557 200 SYS_MON 1954 1954 1954 0 0 0 2 0
65.558 200 PONG 
65.558 200 GPS_INT 0 0 0 0 0 0 0 0 0 0 0 0 0 0 0 0
65.558 200 SVINFO 0 0 0 0 0 0 0
65.647 200 ROTORCRAFT_FP 0 0 0 0 0 0 0 0 0 0 0 0 0 0 0
65.761 200 WP_MOVED_ENU 6 4367 -4940 1280
65.858 200 GPS_INT 0 0 0 0 0 0 0 0 0 0 0 0 0 0 0 0
65.858 200 SVINFO 0 0 0 0 0 0 0
65.967 200 ROTORCRAFT_FP 0 0 0 0 0 0 0 0 0 0 0 0 0 0 0
66.040 200 LINK_REPORT 200 0 66 0 42084 1096 0 667. 18. 0 43.4
66.068 200 DL_VALUE 11 1.
66.070 200 GPS_INT 0 0 0 0 0 0 0 0 0 0 0 0 0 0 0 0
66.071 200 SVINFO 0 0 0 0 0 0 0
66.171 200 ROTORCRAFT_FP 0 0 0 0 0 0 0 0 0 0 0 0 0 0 0
66.273 200 ROTORCRAFT_NAV_STATUS 41 41 0. 0. 3 1 3
66.376 200 GPS_INT 0 0 0 0 0 0 0 0 0 0 0 0 0 0 0 0
66.377 200 SVINFO 0 0 0 0 0 0 0
66.378 200 ROTORCRAFT_STATUS 0 0 2 0 0 0 0 0 0 0 0 72
66.479 200 ROTORCRAFT_FP 0 0 0 0 0 0 0 0 0 0 0 0 0 0 0
66.580 200 SYS_MON 1954 1954 1954 0 0 0 2 0
66.582 200 GPS_INT 0 0 0 0 0 0 0 0 0 0 0 0 0 0 0 0
66.583 200 SVINFO 0 0 0 0 0 0 0
66.684 200 ROTORCRAFT_FP 0 0 0 0 0 0 0 0 0 0 0 0 0 0 0
66.888 200 GPS_INT 0 0 0 0 0 0 0 0 0 0 0 0 0 0 0 0
66.889 200 SVINFO 0 0 0 0 0 0 0
66.991 200 ROTORCRAFT_FP 0 0 0 0 0 0 0 0 0 0 0 0 0 0 0
67.041 200 LINK_REPORT 200 0 67 0 42720 1112 0 636. 16. 0 43.4
67.093 200 WP_MOVED_ENU 7 3696 -10355 1280
67.094 200 GPS_INT 0 0 0 0 0 0 0 0 0 0 0 0 0 0 0 0
67.096 200 SVINFO 0 0 0 0 0 0 0
67.097 200 DL_VALUE 12 5.
67.196 200 ROTORCRAFT_FP 0 0 0 0 0 0 0 0 0 0 0 0 0 0 0
67.400 200 GPS_INT 0 0 0 0 0 0 0 0 0 0 0 0 0 0 0 0
67.401 200 SVINFO 0 0 0 0 0 0 0
67.502 200 ROTORCRAFT_FP 0 0 0 0 0 0 0 0 0 0 0 0 0 0 0
67.605 200 SYS_MON 1954 1954 1954 0 0 0 2 0
67.606 200 GPS_INT 0 0 0 0 0 0 0 0 0 0 0 0 0 0 0 0
67.607 200 SVINFO 0 0 0 0 0 0 0
67.608 200 ROTORCRAFT_STATUS 0 0 2 0 0 0 0 0 0 0 0 74
67.608 200 ALIVE 15,2,147,173,108,254,87,22,47,4,229,140,246,122,180,149
67.708 200 ROTORCRAFT_FP 0 0 0 0 0 0 0 0 0 0 0 0 0 0 0
67.810 200 ROTORCRAFT_NAV_STATUS 43 43 0. 0. 3 1 3
67.811 200 GPS_INT 0 0 0 0 0 0 0 0 0 0 0 0 0 0 0 0
67.812 200 SVINFO 0 0 0 0 0 0 0
67.912 200 ROTORCRAFT_FP 0 0 0 0 0 0 0 0 0 0 0 0 0 0 0
68.041 200 LINK_REPORT 200 0 68 0 43398 1130 0 678. 18. 0 43.4
68.117 200 GPS_INT 0 0 0 0 0 0 0 0 0 0 0 0 0 0 0 0
68.118 200 SVINFO 0 0 0 0 0 0 0
68.219 200 ROTORCRAFT_FP 0 0 0 0 0 0 0 0 0 0 0 0 0 0 0
68.220 200 DL_VALUE 13 0.
68.322 200 GPS_INT 0 0 0 0 0 0 0 0 0 0 0 0 0 0 0 0
68.323 200 SVINFO 0 0 0 0 0 0 0
68.424 200 WP_MOVED_ENU 8 -4887 -12894 512
68.426 200 ROTORCRAFT_FP 0 0 0 0 0 0 0 0 0 0 0 0 0 0 0
68.526 200 SYS_MON 1954 1954 1954 0 0 0 2 0
68.623 200 GPS_INT 0 0 0 0 0 0 0 0 0 0 0 0 0 0 0 0
68.623 200 SVINFO 0 0 0 0 0 0 0
68.732 200 ROTORCRAFT_FP 0 0 0 0 0 0 0 0 0 0 0 0 0 0 0
68.827 200 ROTORCRAFT_STATUS 0 0 2 0 0 0 0 0 0 0 0 75
68.829 200 GPS_INT 0 0 0 0 0 0 0 0 0 0 0 0 0 0 0 0
68.829 200 SVINFO 0 0 0 0 0 0 0
68.937 200 ROTORCRAFT_FP 0 0 0 0 0 0 0 0 0 0 0 0 0 0 0
69.043 200 LINK_REPORT 200 0 69 0 44032 1146 0 634. 16. 0 43.4
69.141 200 GPS_INT 0 0 0 0 0 0 0 0 0 0 0 0 0 0 0 0
69.142 200 SVINFO 0 0 0 0 0 0 0
69.244 200 ROTORCRAFT_FP 0 0 0 0 0 0 0 0 0 0 0 0 0 0 0
69.345 200 DL_VALUE 14 0.5
69.346 200 GPS_INT 0 0 0 0 0 0 0 0 0 0 0 0 0 0 0 0
69.347 200 SVINFO 0 0 0 0 0 0 0
69.441 200 ROTORCRAFT_NAV_STATUS 44 44 0. 0. 3 1 3
69.442 200 ROTORCRAFT_FP 0 0 0 0 0 0 0 0 0 0 0 0 0 0 0
69.550 200 SYS_MON 1954 1954 1954 0 0 0 2 0
69.647 200 GPS_INT 0 0 0 0 0 0 0 0 0 0 0 0 0 0 0 0
69.648 200 SVINFO 0 0 0 0 0 0 0
69.648 200 WP_MOVED_ENU 9 1484 -2764 1280
69.650 200 ROTORCRAFT_FP 0 0 0 0 0 0 0 0 0 0 0 0 0 0 0
69.755 200 ALIVE 15,2,147,173,108,254,87,22,47,4,229,140,246,122,180,149
69.852 200 GPS_INT 0 0 0 0 0 0 0 0 0 0 0 0 0 0 0 0
69.852 200 SVINFO 0 0 0 0 0 0 0
69.960 200 ROTORCRAFT_FP 0 0 0 0 0 0 0 0 0 0 0 0 0 0 0
69.961 200 ROTORCRAFT_STATUS 0 0 2 0 0 0 0 0 0 0 0 76
70.042 200 LINK_REPORT 200 0 70 0 44710 1164 0 678. 18. 0 43.4
70.062 200 GPS_INT 0 0 0 0 0 0 0 0 0 0 0 0 0 0 0 0
70.063 200 SVINFO 0 0 0 0 0 0 0
70.165 200 DATALINK_REPORT 0 0 1310 660 0
70.166 200 ROTORCRAFT_FP 0 0 0 0 0 0 0 0 0 0 0 0 0 0 0
70.370 200 GPS_INT 0 0 0 0 0 0 0 0 0 0 0 0 0 0 0 0
70.370 200 SVINFO 0 0 0 0 0 0 0
70.467 200 ROTORCRAFT_FP 0 0 0 0 0 0 0 0 0 0 0 0 0 0 0
70.567 200 PONG 
70.568 200 SYS_MON 1954 1954 1954 0 0 0 2 0
70.570 200 GPS_INT 0 0 0 0 0 0 0 0 0 0 0 0 0 0 0 0
70.570 200 SVINFO 0 0 0 0 0 0 0
70.643 200 ROTORCRAFT_FP 0 0 0 0 0 0 0 0 0 0 0 0 0 0 0
70.794 200 GPS_INT 0 0 0 0 0 0 0 0 0 0 0 0 0 0 0 0
70.795 200 SVINFO 0 0 0 0 0 0 0
70.978 200 ROTORCRAFT_FP 0 0 0 0 0 0 0 0 0 0 0 0 0 0 0
70.979 200 WP_MOVED_ENU 0 10557 10949 1280
70.980 200 ROTORCRAFT_NAV_STATUS 46 46 0. 0. 3 1 3
71.044 200 LINK_REPORT 200 0 71 0 45352 1181 0 642. 17. 0 56.34
71.045 200 GPS_INT 0 0 0 0 0 0 0 0 0 0 0 0 0 0 0 0
71.046 200 SVINFO 0 0 0 0 0 0 0
71.182 200 ROTORCRAFT_FP 0 0 0 0 0 0 0 0 0 0 0 0 0 0 0
71.183 200 ROTORCRAFT_STATUS 0 0 2 0 0 0 0 0 0 0 0 77
71.290 200 AUTOPILOT_VERSION 50401 v5.4.1_stable-4-ga603c8e
71.387 200 GPS_INT 0 0 0 0 0 0 0 0 0 0 0 0 0 0 0 0
71.388 200 SVINFO 0 0 0 0 0 0 0
71.393 200 ROTORCRAFT_FP 0 0 0 0 0 0 0 0 0 0 0 0 0 0 0
71.495 200 DL_VALUE 16 0.85
71.592 200 SYS_MON 1954 1954 1954 0 0 0 2 0
71.593 200 GPS_INT 0 0 0 0 0 0 0 0 0 0 0 0 0 0 0 0
71.594 200 SVINFO 0 0 0 0 0 0 0
71.701 200 ROTORCRAFT_FP 0 0 0 0 0 0 0 0 0 0 0 0 0 0 0
71.797 200 ALIVE 15,2,147,173,108,254,87,22,47,4,229,140,246,122,180,149
71.798 200 GPS_INT 0 0 0 0 0 0 0 0 0 0 0 0 0 0 0 0
71.799 200 SVINFO 0 0 0 0 0 0 0
71.906 200 ROTORCRAFT_FP 0 0 0 0 0 0 0 0 0 0 0 0 0 0 0
72.043 200 LINK_REPORT 200 0 72 0 46025 1198 0 673. 17. 0 56.34
72.110 200 GPS_INT 0 0 0 0 0 0 0 0 0 0 0 0 0 0 0 0
72.111 200 SVINFO 0 0 0 0 0 0 0
72.213 200 ROTORCRAFT_FP 0 0 0 0 0 0 0 0 0 0 0 0 0 0 0
72.314 200 WP_MOVED_ENU 1 0 0 1280
72.316 200 GPS_INT 0 0 0 0 0 0 0 0 0 0 0 0 0 0 0 0
72.317 200 SVINFO 0 0 0 0 0 0 0
72.418 200 ROTORCRAFT_STATUS 0 0 2 0 0 0 0 0 0 0 0 78
72.420 200 ROTORCRAFT_FP 0 0 0 0 0 0 0 0 0 0 0 0 0 0 0
72.520 200 SYS_MON 1954 1954 1954 0 0 0 2 0
72.616 200 GPS_INT 0 0 0 0 0 0 0 0 0 0 0 0 0 0 0 0
72.617 200 SVINFO 0 0 0 0 0 0 0
72.618 200 DL_VALUE 17 7.
72.619 200 ROTORCRAFT_NAV_STATUS 48 48 0. 0. 3 1 3
72.725 200 ROTORCRAFT_FP 0 0 0 0 0 0 0 0 0 0 0 0 0 0 0
72.821 200 GPS_INT 0 0 0 0 0 0 0 0 0 0 0 0 0 0 0 0
72.821 200 SVINFO 0 0 0 0 0 0 0
72.930 200 ROTORCRAFT_FP 0 0 0 0 0 0 0 0 0 0 0 0 0 0 0
73.045 200 LINK_REPORT 200 0 73 0 46680 1215 0 655. 17. 0 56.34
73.135 200 GPS_INT 0 0 0 0 0 0 0 0 0 0 0 0 0 0 0 0
73.135 200 SVINFO 0 0 0 0 0 0 0
73.339 200 GPS_INT 0 0 0 0 0 0 0 0 0 0 0 0 0 0 0 0
73.340 200 SVINFO 0 0 0 0 0 0 0
73.442 200 ROTORCRAFT_FP 0 0 0 0 0 0 0 0 0 0 0 0 0 0 0
73.544 200 SYS_MON 1954 1954 1954 0 0 0 2 0
73.640 200 ROTORCRAFT_STATUS 0 0 2 0 0 0 0 0 0 0 0 80
73.641 200 GPS_INT 0 0 0 0 0 0 0 0 0 0 0 0 0 0 0 0
73.642 200 SVINFO 0 0 0 0 0 0 0
73.644 200 ROTORCRAFT_FP 0 0 0 0 0 0 0 0 0 0 0 0 0 0 0
73.748 200 DL_VALUE 18 2.
73.845 200 GPS_INT 0 0 0 0 0 0 0 0 0 0 0 0 0 0 0 0
73.846 200 SVINFO 0 0 0 0 0 0 0
73.953 200 ALIVE 15,2,147,173,108,254,87,22,47,4,229,140,246,122,180,149
73.954 200 ROTORCRAFT_FP 0 0 0 0 0 0 0 0 0 0 0 0 0 0 0
74.045 200 LINK_REPORT 200 0 74 0 47254 1230 0 574. 15. 0 56.34
74.056 200 GPS_INT 0 0 0 0 0 0 0 0 0 0 0 0 0 0 0 0
74.057 200 SVINFO 0 0 0 0 0 0 0
74.159 200 ROTORCRAFT_FP 0 0 0 0 0 0 0 0 0 0 0 0 0 0 0
74.260 200 ROTORCRAFT_NAV_STATUS 49 49 0. 0. 3 1 3
74.363 200 GPS_INT 0 0 0 0 0 0 0 0 0 0 0 0 0 0 0 0
74.364 200 SVINFO 0 0 0 0 0 0 0
74.466 200 ROTORCRAFT_FP 0 0 0 0 0 0 0 0 0 0 0 0 0 0 0
74.568 200 SYS_MON 1954 1954 1954 0 0 0 2 0
74.569 200 GPS_INT 0 0 0 0 0 0 0 0 0 0 0 0 0 0 0 0
74.570 200 SVINFO 0 0 0 0 0 0 0
74.670 200 ROTORCRAFT_FP 0 0 0 0 0 0 0 0 0 0 0 0 0 0 0
74.772 200 ROTORCRAFT_STATUS 0 0 2 0 0 0 0 0 0 0 0 81
74.773 200 DL_VALUE 19 0.
74.875 200 GPS_INT 0 0 0 0 0 0 0 0 0 0 0 0 0 0 0 0
74.876 200 SVINFO 0 0 0 0 0 0 0
74.877 200 WP_MOVED_ENU 3 -488 -1290 1280
74.978 200 ROTORCRAFT_FP 0 0 0 0 0 0 0 0 0 0 0 0 0 0 0
75.045 200 LINK_REPORT 200 0 75 0 47909 1247 0 655. 17. 0 56.34
75.075 200 GPS_INT 0 0 0 0 0 0 0 0 0 0 0 0 0 0 0 0
75.075 200 SVINFO 0 0 0 0 0 0 0
75.141 200 ROTORCRAFT_FP 0 0 0 0 0 0 0 0 0 0 0 0 0 0 0
75.190 200 DATALINK_REPORT 0 0 1397 657 0
75.387 200 GPS_INT 0 0 0 0 0 0 0 0 0 0 0 0 0 0 0 0
75.388 200 SVINFO 0 0 0 0 0 0 0
75.490 200 ROTORCRAFT_FP 0 0 0 0 0 0 0 0 0 0 0 0 0 0 0
75.585 200 SYS_MON 1954 1954 1954 0 0 0 2 0
75.586 200 PONG 
75.588 200 SVINFO 0 0 0 0 0 0 0
75.696 200 ROTORCRAFT_FP 0 0 0 0 0 0 0 0 0 0 0 0 0 0 0
75.773 200 ROTORCRAFT_NAV_STATUS 51 51 0. 0. 3 1 3
75.894 200 GPS_INT 0 0 0 0 0 0 0 0 0 0 0 0 0 0 0 0
75.894 200 SVINFO 0 0 0 0 0 0 0
75.895 200 DL_VALUE 20 0.
75.897 200 ROTORCRAFT_FP 0 0 0 0 0 0 0 0 0 0 0 0 0 0 0
76.003 200 ROTORCRAFT_STATUS 0 0 2 0 0 0 0 0 0 0 0 82
76.005 200 ALIVE 15,2,147,173,108,254,87,22,47,4,229,140,246,122,180,149
76.045 200 LINK_REPORT 200 0 76 0 48527 1265 0 618. 18. 0 74.97
76.104 200 GPS_INT 0 0 0 0 0 0 0 0 0 0 0 0 0 0 0 0
76.105 200 SVINFO 0 0 0 0 0 0 0
76.200 200 WP_MOVED_ENU 4 985 -3543 1280
76.201 200 ROTORCRAFT_FP 0 0 0 0 0 0 0 0 0 0 0 0 0 0 0
76.291 200 GPS_INT 0 0 0 0 0 0 0 0 0 0 0 0 0 0 0 0
76.291 200 SVINFO 0 0 0 0 0 0 0
76.390 200 ROTORCRAFT_FP 0 0 0 0 0 0 0 0 0 0 0 0 0 0 0
76.513 200 SYS_MON 1954 1954 1954 0 0 0 2 0
76.541 200 GPS_INT 0 0 0 0 0 0 0 0 0 0 0 0 0 0 0 0
76.542 200 SVINFO 0 0 0 0 0 0 0
76.718 200 ROTORCRAFT_FP 0 0 0 0 0 0 0 0 0 0 0 0 0 0 0
76.821 200 GPS_INT 0 0 0 0 0 0 0 0 0 0 0 0 0 0 0 0
76.821 200 SVINFO 0 0 0 0 0 0 0
76.923 200 ROTORCRAFT_FP 0 0 0 0 0 0 0 0 0 0 0 0 0 0 0
77.025 200 DL_VALUE 21 0.
77.046 200 LINK_REPORT 200 0 77 0 49138 1280 0 611. 15. 0 74.97
77.128 200 GPS_INT 0 0 0 0 0 0 0 0 0 0 0 0 0 0 0 0
77.129 200 SVINFO 0 0 0 0 0 0 0
77.230 200 ROTORCRAFT_STATUS 0 0 2 0 0 0 0 0 0 0 0 83
77.231 200 ROTORCRAFT_FP 0 0 0 0 0 0 0 0 0 0 0 0 0 0 0
77.333 200 GPS_INT 0 0 0 0 0 0 0 0 0 0 0 0 0 0 0 0
77.333 200 SVINFO 0 0 0 0 0 0 0
77.435 200 ROTORCRAFT_NAV_STATUS 52 52 0. 0. 3 1 3
77.436 200 ROTORCRAFT_FP 0 0 0 0 0 0 0 0 0 0 0 0 0 0 0
77.437 200 WP_MOVED_ENU 5 7265 -12211 1280
77.537 200 SYS_MON 1954 1954 1954 0 0 0 2 0
77.640 200 GPS_INT 0 0 0 0 0 0 0 0 0 0 0 0 0 0 0 0
77.641 200 SVINFO 0 0 0 0 0 0 0
77.743 200 ROTORCRAFT_FP 0 0 0 0 0 0 0 0 0 0 0 0 0 0 0
77.845 200 GPS_INT 0 0 0 0 0 0 0 0 0 0 0 0 0 0 0 0
77.846 200 SVINFO 0 0 0 0 0 0 0
